id,time,inference_of_emotion
1,09:00:00,Fear
2,09:00:03,Fear
3,09:00:06,Fear
4,09:00:09,Fear
5,09:00:12,Fear
6,09:00:15,Fear
7,09:00:18,Fear
8,09:00:21,Fear
9,09:00:24,Fear
10,09:00:27,Fear
11,09:00:30,Fear
12,09:00:33,Fear
13,09:00:36,Fear
14,09:00:39,Fear
15,09:00:42,Fear
16,09:00:45,Fear
17,09:00:48,Fear
18,09:00:51,Fear
19,09:00:54,Fear
20,09:00:57,Fear
21,09:01:00,Fear
22,09:01:03,Fear
23,09:01:06,Fear
24,09:01:09,Fear
25,09:01:12,Fear
26,09:01:15,Fear
27,09:01:18,Fear
28,09:01:21,Fear
29,09:01:24,Fear
30,09:01:27,Fear
31,09:01:30,Fear
32,09:01:33,Fear
33,09:01:36,Fear
34,09:01:39,Fear
35,09:01:42,Fear
36,09:01:45,Fear
37,09:01:48,Fear
38,09:01:51,Fear
39,09:01:54,Fear
40,09:01:57,Fear
41,09:02:00,Fear
42,09:02:03,Fear
43,09:02:06,Fear
44,09:02:09,Fear
45,09:02:12,Fear
46,09:02:15,Fear
47,09:02:18,Fear
48,09:02:21,Fear
49,09:02:24,Fear
50,09:02:27,Fear
51,09:02:30,Fear
52,09:02:33,Fear
53,09:02:36,Fear
54,09:02:39,Fear
55,09:02:42,Fear
56,09:02:45,Fear
57,09:02:48,Fear
58,09:02:51,Fear
59,09:02:54,Fear
60,09:02:57,Fear
61,09:03:00,Fear
62,09:03:03,Fear
63,09:03:06,Fear
64,09:03:09,Fear
65,09:03:12,Fear
66,09:03:15,Fear
67,09:03:18,Fear
68,09:03:21,Fear
69,09:03:24,Fear
70,09:03:27,Fear
71,09:03:30,Fear
72,09:03:33,Fear
73,09:03:36,Fear
74,09:03:39,Fear
75,09:03:42,Fear
76,09:03:45,Fear
77,09:03:48,Fear
78,09:03:51,Fear
79,09:03:54,Fear
80,09:03:57,Fear
81,09:04:00,Fear
82,09:04:03,Fear
83,09:04:06,Fear
84,09:04:09,Fear
85,09:04:12,Fear
86,09:04:15,Fear
87,09:04:18,Fear
88,09:04:21,Fear
89,09:04:24,Fear
90,09:04:27,Fear
91,09:04:30,Fear
92,09:04:33,Fear
93,09:04:36,Fear
94,09:04:39,Fear
95,09:04:42,Fear
96,09:04:45,Fear
97,09:04:48,Fear
98,09:04:51,Fear
99,09:04:54,Fear
100,09:04:57,Fear
101,09:05:00,Fear
102,09:05:03,Fear
103,09:05:06,Fear
104,09:05:09,Fear
105,09:05:12,Fear
106,09:05:15,Fear
107,09:05:18,Fear
108,09:05:21,Fear
109,09:05:24,Fear
110,09:05:27,Fear
111,09:05:30,Fear
112,09:05:33,Fear
113,09:05:36,Fear
114,09:05:39,Fear
115,09:05:42,Fear
116,09:05:45,Fear
117,09:05:48,Fear
118,09:05:51,Fear
119,09:05:54,Fear
120,09:05:57,Fear
121,09:06:00,Fear
122,09:06:03,Fear
123,09:06:06,Fear
124,09:06:09,Fear
125,09:06:12,Fear
126,09:06:15,Fear
127,09:06:18,Fear
128,09:06:21,Fear
129,09:06:24,Fear
130,09:06:27,Fear
131,09:06:30,Fear
132,09:06:33,Fear
133,09:06:36,Fear
134,09:06:39,Fear
135,09:06:42,Fear
136,09:06:45,Fear
137,09:06:48,Fear
138,09:06:51,Fear
139,09:06:54,Fear
140,09:06:57,Fear
141,09:07:00,Fear
142,09:07:03,Fear
143,09:07:06,Fear
144,09:07:09,Fear
145,09:07:12,Fear
146,09:07:15,Fear
147,09:07:18,Fear
148,09:07:21,Fear
149,09:07:24,Fear
150,09:07:27,Fear
151,09:07:30,Fear
152,09:07:33,Fear
153,09:07:36,Fear
154,09:07:39,Fear
155,09:07:42,Fear
156,09:07:45,Fear
157,09:07:48,Fear
158,09:07:51,Fear
159,09:07:54,Fear
160,09:07:57,Fear
161,09:08:00,Fear
162,09:08:03,Fear
163,09:08:06,Fear
164,09:08:09,Fear
165,09:08:12,Fear
166,09:08:15,Fear
167,09:08:18,Fear
168,09:08:21,Fear
169,09:08:24,Fear
170,09:08:27,Fear
171,09:08:30,Fear
172,09:08:33,Fear
173,09:08:36,Fear
174,09:08:39,Fear
175,09:08:42,Fear
176,09:08:45,Fear
177,09:08:48,Fear
178,09:08:51,Fear
179,09:08:54,Fear
180,09:08:57,Fear
181,09:09:00,Fear
182,09:09:03,Fear
183,09:09:06,Fear
184,09:09:09,Fear
185,09:09:12,Fear
186,09:09:15,Fear
187,09:09:18,Fear
188,09:09:21,Fear
189,09:09:24,Fear
190,09:09:27,Fear
191,09:09:30,Fear
192,09:09:33,Fear
193,09:09:36,Fear
194,09:09:39,Fear
195,09:09:42,Fear
196,09:09:45,Fear
197,09:09:48,Fear
198,09:09:51,Fear
199,09:09:54,Fear
200,09:09:57,Fear
201,09:10:00,surprise
202,09:10:03,surprise
203,09:10:06,surprise
204,09:10:09,surprise
205,09:10:12,surprise
206,09:10:15,surprise
207,09:10:18,surprise
208,09:10:21,surprise
209,09:10:24,surprise
210,09:10:27,surprise
211,09:10:30,surprise
212,09:10:33,surprise
213,09:10:36,surprise
214,09:10:39,surprise
215,09:10:42,surprise
216,09:10:45,surprise
217,09:10:48,surprise
218,09:10:51,surprise
219,09:10:54,surprise
220,09:10:57,surprise
221,09:11:00,surprise
222,09:11:03,surprise
223,09:11:06,surprise
224,09:11:09,surprise
225,09:11:12,surprise
226,09:11:15,surprise
227,09:11:18,surprise
228,09:11:21,surprise
229,09:11:24,surprise
230,09:11:27,surprise
231,09:11:30,surprise
232,09:11:33,surprise
233,09:11:36,surprise
234,09:11:39,surprise
235,09:11:42,surprise
236,09:11:45,surprise
237,09:11:48,surprise
238,09:11:51,surprise
239,09:11:54,surprise
240,09:11:57,surprise
241,09:12:00,surprise
242,09:12:03,surprise
243,09:12:06,surprise
244,09:12:09,surprise
245,09:12:12,surprise
246,09:12:15,surprise
247,09:12:18,surprise
248,09:12:21,surprise
249,09:12:24,surprise
250,09:12:27,surprise
251,09:12:30,surprise
252,09:12:33,surprise
253,09:12:36,surprise
254,09:12:39,surprise
255,09:12:42,surprise
256,09:12:45,surprise
257,09:12:48,surprise
258,09:12:51,surprise
259,09:12:54,surprise
260,09:12:57,surprise
261,09:13:00,surprise
262,09:13:03,surprise
263,09:13:06,surprise
264,09:13:09,surprise
265,09:13:12,surprise
266,09:13:15,surprise
267,09:13:18,surprise
268,09:13:21,surprise
269,09:13:24,surprise
270,09:13:27,surprise
271,09:13:30,surprise
272,09:13:33,surprise
273,09:13:36,surprise
274,09:13:39,surprise
275,09:13:42,surprise
276,09:13:45,surprise
277,09:13:48,surprise
278,09:13:51,surprise
279,09:13:54,surprise
280,09:13:57,surprise
281,09:14:00,surprise
282,09:14:03,surprise
283,09:14:06,surprise
284,09:14:09,surprise
285,09:14:12,surprise
286,09:14:15,surprise
287,09:14:18,surprise
288,09:14:21,surprise
289,09:14:24,surprise
290,09:14:27,surprise
291,09:14:30,surprise
292,09:14:33,surprise
293,09:14:36,surprise
294,09:14:39,surprise
295,09:14:42,surprise
296,09:14:45,surprise
297,09:14:48,surprise
298,09:14:51,surprise
299,09:14:54,surprise
300,09:14:57,surprise
301,09:15:00,surprise
302,09:15:03,surprise
303,09:15:06,surprise
304,09:15:09,surprise
305,09:15:12,surprise
306,09:15:15,surprise
307,09:15:18,surprise
308,09:15:21,surprise
309,09:15:24,surprise
310,09:15:27,surprise
311,09:15:30,surprise
312,09:15:33,surprise
313,09:15:36,surprise
314,09:15:39,surprise
315,09:15:42,surprise
316,09:15:45,surprise
317,09:15:48,surprise
318,09:15:51,surprise
319,09:15:54,surprise
320,09:15:57,surprise
321,09:16:00,surprise
322,09:16:03,surprise
323,09:16:06,surprise
324,09:16:09,surprise
325,09:16:12,surprise
326,09:16:15,surprise
327,09:16:18,surprise
328,09:16:21,surprise
329,09:16:24,surprise
330,09:16:27,surprise
331,09:16:30,surprise
332,09:16:33,surprise
333,09:16:36,surprise
334,09:16:39,surprise
335,09:16:42,surprise
336,09:16:45,surprise
337,09:16:48,surprise
338,09:16:51,surprise
339,09:16:54,surprise
340,09:16:57,surprise
341,09:17:00,surprise
342,09:17:03,surprise
343,09:17:06,surprise
344,09:17:09,surprise
345,09:17:12,surprise
346,09:17:15,surprise
347,09:17:18,surprise
348,09:17:21,surprise
349,09:17:24,surprise
350,09:17:27,surprise
351,09:17:30,surprise
352,09:17:33,surprise
353,09:17:36,surprise
354,09:17:39,surprise
355,09:17:42,surprise
356,09:17:45,surprise
357,09:17:48,surprise
358,09:17:51,surprise
359,09:17:54,surprise
360,09:17:57,surprise
361,09:18:00,surprise
362,09:18:03,surprise
363,09:18:06,surprise
364,09:18:09,surprise
365,09:18:12,surprise
366,09:18:15,surprise
367,09:18:18,surprise
368,09:18:21,surprise
369,09:18:24,surprise
370,09:18:27,surprise
371,09:18:30,surprise
372,09:18:33,surprise
373,09:18:36,surprise
374,09:18:39,surprise
375,09:18:42,surprise
376,09:18:45,surprise
377,09:18:48,surprise
378,09:18:51,surprise
379,09:18:54,surprise
380,09:18:57,surprise
381,09:19:00,surprise
382,09:19:03,surprise
383,09:19:06,surprise
384,09:19:09,surprise
385,09:19:12,surprise
386,09:19:15,surprise
387,09:19:18,surprise
388,09:19:21,surprise
389,09:19:24,surprise
390,09:19:27,surprise
391,09:19:30,surprise
392,09:19:33,surprise
393,09:19:36,surprise
394,09:19:39,surprise
395,09:19:42,surprise
396,09:19:45,surprise
397,09:19:48,surprise
398,09:19:51,surprise
399,09:19:54,surprise
400,09:19:57,surprise
401,09:20:00,Sad
402,09:20:03,Sad
403,09:20:06,Sad
404,09:20:09,Sad
405,09:20:12,Sad
406,09:20:15,Sad
407,09:20:18,Sad
408,09:20:21,Sad
409,09:20:24,Sad
410,09:20:27,Sad
411,09:20:30,Sad
412,09:20:33,Sad
413,09:20:36,Sad
414,09:20:39,Sad
415,09:20:42,Sad
416,09:20:45,Sad
417,09:20:48,Sad
418,09:20:51,Sad
419,09:20:54,Sad
420,09:20:57,Sad
421,09:21:00,Sad
422,09:21:03,Sad
423,09:21:06,Sad
424,09:21:09,Sad
425,09:21:12,Sad
426,09:21:15,Sad
427,09:21:18,Sad
428,09:21:21,Sad
429,09:21:24,Sad
430,09:21:27,Sad
431,09:21:30,Sad
432,09:21:33,Sad
433,09:21:36,Sad
434,09:21:39,Sad
435,09:21:42,Sad
436,09:21:45,Sad
437,09:21:48,Sad
438,09:21:51,Sad
439,09:21:54,Sad
440,09:21:57,Sad
441,09:22:00,Sad
442,09:22:03,Sad
443,09:22:06,Sad
444,09:22:09,Sad
445,09:22:12,Sad
446,09:22:15,Sad
447,09:22:18,Sad
448,09:22:21,Sad
449,09:22:24,Sad
450,09:22:27,Sad
451,09:22:30,Sad
452,09:22:33,Sad
453,09:22:36,Sad
454,09:22:39,Sad
455,09:22:42,Sad
456,09:22:45,Sad
457,09:22:48,Sad
458,09:22:51,Sad
459,09:22:54,Sad
460,09:22:57,Sad
461,09:23:00,Sad
462,09:23:03,Sad
463,09:23:06,Sad
464,09:23:09,Sad
465,09:23:12,Sad
466,09:23:15,Sad
467,09:23:18,Sad
468,09:23:21,Sad
469,09:23:24,Sad
470,09:23:27,Sad
471,09:23:30,Sad
472,09:23:33,Sad
473,09:23:36,Sad
474,09:23:39,Sad
475,09:23:42,Sad
476,09:23:45,Sad
477,09:23:48,Sad
478,09:23:51,Sad
479,09:23:54,Sad
480,09:23:57,Sad
481,09:24:00,Sad
482,09:24:03,Sad
483,09:24:06,Sad
484,09:24:09,Sad
485,09:24:12,Sad
486,09:24:15,Sad
487,09:24:18,Sad
488,09:24:21,Sad
489,09:24:24,Sad
490,09:24:27,Sad
491,09:24:30,Sad
492,09:24:33,Sad
493,09:24:36,Sad
494,09:24:39,Sad
495,09:24:42,Sad
496,09:24:45,Sad
497,09:24:48,Sad
498,09:24:51,Sad
499,09:24:54,Sad
500,09:24:57,Sad
501,09:25:00,Sad
502,09:25:03,Sad
503,09:25:06,Sad
504,09:25:09,Sad
505,09:25:12,Sad
506,09:25:15,Sad
507,09:25:18,Sad
508,09:25:21,Sad
509,09:25:24,Sad
510,09:25:27,Sad
511,09:25:30,Sad
512,09:25:33,Sad
513,09:25:36,Sad
514,09:25:39,Sad
515,09:25:42,Sad
516,09:25:45,Sad
517,09:25:48,Sad
518,09:25:51,Sad
519,09:25:54,Sad
520,09:25:57,Sad
521,09:26:00,Sad
522,09:26:03,Sad
523,09:26:06,Sad
524,09:26:09,Sad
525,09:26:12,Sad
526,09:26:15,Sad
527,09:26:18,Sad
528,09:26:21,Sad
529,09:26:24,Sad
530,09:26:27,Sad
531,09:26:30,Sad
532,09:26:33,Sad
533,09:26:36,Sad
534,09:26:39,Sad
535,09:26:42,Sad
536,09:26:45,Sad
537,09:26:48,Sad
538,09:26:51,Sad
539,09:26:54,Sad
540,09:26:57,Sad
541,09:27:00,Sad
542,09:27:03,Sad
543,09:27:06,Sad
544,09:27:09,Sad
545,09:27:12,Sad
546,09:27:15,Sad
547,09:27:18,Sad
548,09:27:21,Sad
549,09:27:24,Sad
550,09:27:27,Sad
551,09:27:30,Sad
552,09:27:33,Sad
553,09:27:36,Sad
554,09:27:39,Sad
555,09:27:42,Sad
556,09:27:45,Sad
557,09:27:48,Sad
558,09:27:51,Sad
559,09:27:54,Sad
560,09:27:57,Sad
561,09:28:00,Sad
562,09:28:03,Sad
563,09:28:06,Sad
564,09:28:09,Sad
565,09:28:12,Sad
566,09:28:15,Sad
567,09:28:18,Sad
568,09:28:21,Sad
569,09:28:24,Sad
570,09:28:27,Sad
571,09:28:30,Sad
572,09:28:33,Sad
573,09:28:36,Sad
574,09:28:39,Sad
575,09:28:42,Sad
576,09:28:45,Sad
577,09:28:48,Sad
578,09:28:51,Sad
579,09:28:54,Sad
580,09:28:57,Sad
581,09:29:00,Sad
582,09:29:03,Sad
583,09:29:06,Sad
584,09:29:09,Sad
585,09:29:12,Sad
586,09:29:15,Sad
587,09:29:18,Sad
588,09:29:21,Sad
589,09:29:24,Sad
590,09:29:27,Sad
591,09:29:30,Sad
592,09:29:33,Sad
593,09:29:36,Sad
594,09:29:39,Sad
595,09:29:42,Sad
596,09:29:45,Sad
597,09:29:48,Sad
598,09:29:51,Sad
599,09:29:54,Sad
600,09:29:57,Sad
601,09:30:00,angry
602,09:30:03,angry
603,09:30:06,angry
604,09:30:09,angry
605,09:30:12,angry
606,09:30:15,angry
607,09:30:18,angry
608,09:30:21,angry
609,09:30:24,angry
610,09:30:27,angry
611,09:30:30,angry
612,09:30:33,angry
613,09:30:36,angry
614,09:30:39,angry
615,09:30:42,angry
616,09:30:45,angry
617,09:30:48,angry
618,09:30:51,angry
619,09:30:54,angry
620,09:30:57,angry
621,09:31:00,angry
622,09:31:03,angry
623,09:31:06,angry
624,09:31:09,angry
625,09:31:12,angry
626,09:31:15,angry
627,09:31:18,angry
628,09:31:21,angry
629,09:31:24,angry
630,09:31:27,angry
631,09:31:30,angry
632,09:31:33,angry
633,09:31:36,angry
634,09:31:39,angry
635,09:31:42,angry
636,09:31:45,angry
637,09:31:48,angry
638,09:31:51,angry
639,09:31:54,angry
640,09:31:57,angry
641,09:32:00,angry
642,09:32:03,angry
643,09:32:06,angry
644,09:32:09,angry
645,09:32:12,angry
646,09:32:15,angry
647,09:32:18,angry
648,09:32:21,angry
649,09:32:24,angry
650,09:32:27,angry
651,09:32:30,angry
652,09:32:33,angry
653,09:32:36,angry
654,09:32:39,angry
655,09:32:42,angry
656,09:32:45,angry
657,09:32:48,angry
658,09:32:51,angry
659,09:32:54,angry
660,09:32:57,angry
661,09:33:00,angry
662,09:33:03,angry
663,09:33:06,angry
664,09:33:09,angry
665,09:33:12,angry
666,09:33:15,angry
667,09:33:18,angry
668,09:33:21,angry
669,09:33:24,angry
670,09:33:27,angry
671,09:33:30,angry
672,09:33:33,angry
673,09:33:36,angry
674,09:33:39,angry
675,09:33:42,angry
676,09:33:45,angry
677,09:33:48,angry
678,09:33:51,angry
679,09:33:54,angry
680,09:33:57,angry
681,09:34:00,angry
682,09:34:03,angry
683,09:34:06,angry
684,09:34:09,angry
685,09:34:12,angry
686,09:34:15,angry
687,09:34:18,angry
688,09:34:21,angry
689,09:34:24,angry
690,09:34:27,angry
691,09:34:30,angry
692,09:34:33,angry
693,09:34:36,angry
694,09:34:39,angry
695,09:34:42,angry
696,09:34:45,angry
697,09:34:48,angry
698,09:34:51,angry
699,09:34:54,angry
700,09:34:57,angry
701,09:35:00,angry
702,09:35:03,angry
703,09:35:06,angry
704,09:35:09,angry
705,09:35:12,angry
706,09:35:15,angry
707,09:35:18,angry
708,09:35:21,angry
709,09:35:24,angry
710,09:35:27,angry
711,09:35:30,angry
712,09:35:33,angry
713,09:35:36,angry
714,09:35:39,angry
715,09:35:42,angry
716,09:35:45,angry
717,09:35:48,angry
718,09:35:51,angry
719,09:35:54,angry
720,09:35:57,angry
721,09:36:00,angry
722,09:36:03,angry
723,09:36:06,angry
724,09:36:09,angry
725,09:36:12,angry
726,09:36:15,angry
727,09:36:18,angry
728,09:36:21,angry
729,09:36:24,angry
730,09:36:27,angry
731,09:36:30,angry
732,09:36:33,angry
733,09:36:36,angry
734,09:36:39,angry
735,09:36:42,angry
736,09:36:45,angry
737,09:36:48,angry
738,09:36:51,angry
739,09:36:54,angry
740,09:36:57,angry
741,09:37:00,angry
742,09:37:03,angry
743,09:37:06,angry
744,09:37:09,angry
745,09:37:12,angry
746,09:37:15,angry
747,09:37:18,angry
748,09:37:21,angry
749,09:37:24,angry
750,09:37:27,angry
751,09:37:30,angry
752,09:37:33,angry
753,09:37:36,angry
754,09:37:39,angry
755,09:37:42,angry
756,09:37:45,angry
757,09:37:48,angry
758,09:37:51,angry
759,09:37:54,angry
760,09:37:57,angry
761,09:38:00,angry
762,09:38:03,angry
763,09:38:06,angry
764,09:38:09,angry
765,09:38:12,angry
766,09:38:15,angry
767,09:38:18,angry
768,09:38:21,angry
769,09:38:24,angry
770,09:38:27,angry
771,09:38:30,angry
772,09:38:33,angry
773,09:38:36,angry
774,09:38:39,angry
775,09:38:42,angry
776,09:38:45,angry
777,09:38:48,angry
778,09:38:51,angry
779,09:38:54,angry
780,09:38:57,angry
781,09:39:00,angry
782,09:39:03,angry
783,09:39:06,angry
784,09:39:09,angry
785,09:39:12,angry
786,09:39:15,angry
787,09:39:18,angry
788,09:39:21,angry
789,09:39:24,angry
790,09:39:27,angry
791,09:39:30,angry
792,09:39:33,angry
793,09:39:36,angry
794,09:39:39,angry
795,09:39:42,angry
796,09:39:45,angry
797,09:39:48,angry
798,09:39:51,angry
799,09:39:54,angry
800,09:39:57,angry
801,09:40:00,disgust
802,09:40:03,disgust
803,09:40:06,disgust
804,09:40:09,disgust
805,09:40:12,disgust
806,09:40:15,disgust
807,09:40:18,disgust
808,09:40:21,disgust
809,09:40:24,disgust
810,09:40:27,disgust
811,09:40:30,disgust
812,09:40:33,disgust
813,09:40:36,disgust
814,09:40:39,disgust
815,09:40:42,disgust
816,09:40:45,disgust
817,09:40:48,disgust
818,09:40:51,disgust
819,09:40:54,disgust
820,09:40:57,disgust
821,09:41:00,disgust
822,09:41:03,disgust
823,09:41:06,disgust
824,09:41:09,disgust
825,09:41:12,disgust
826,09:41:15,disgust
827,09:41:18,disgust
828,09:41:21,disgust
829,09:41:24,disgust
830,09:41:27,disgust
831,09:41:30,disgust
832,09:41:33,disgust
833,09:41:36,disgust
834,09:41:39,disgust
835,09:41:42,disgust
836,09:41:45,disgust
837,09:41:48,disgust
838,09:41:51,disgust
839,09:41:54,disgust
840,09:41:57,disgust
841,09:42:00,disgust
842,09:42:03,disgust
843,09:42:06,disgust
844,09:42:09,disgust
845,09:42:12,disgust
846,09:42:15,disgust
847,09:42:18,disgust
848,09:42:21,disgust
849,09:42:24,disgust
850,09:42:27,disgust
851,09:42:30,disgust
852,09:42:33,disgust
853,09:42:36,disgust
854,09:42:39,disgust
855,09:42:42,disgust
856,09:42:45,disgust
857,09:42:48,disgust
858,09:42:51,disgust
859,09:42:54,disgust
860,09:42:57,disgust
861,09:43:00,disgust
862,09:43:03,disgust
863,09:43:06,disgust
864,09:43:09,disgust
865,09:43:12,disgust
866,09:43:15,disgust
867,09:43:18,disgust
868,09:43:21,disgust
869,09:43:24,disgust
870,09:43:27,disgust
871,09:43:30,disgust
872,09:43:33,disgust
873,09:43:36,disgust
874,09:43:39,disgust
875,09:43:42,disgust
876,09:43:45,disgust
877,09:43:48,disgust
878,09:43:51,disgust
879,09:43:54,disgust
880,09:43:57,disgust
881,09:44:00,disgust
882,09:44:03,disgust
883,09:44:06,disgust
884,09:44:09,disgust
885,09:44:12,disgust
886,09:44:15,disgust
887,09:44:18,disgust
888,09:44:21,disgust
889,09:44:24,disgust
890,09:44:27,disgust
891,09:44:30,disgust
892,09:44:33,disgust
893,09:44:36,disgust
894,09:44:39,disgust
895,09:44:42,disgust
896,09:44:45,disgust
897,09:44:48,disgust
898,09:44:51,disgust
899,09:44:54,disgust
900,09:44:57,disgust
901,09:45:00,disgust
902,09:45:03,disgust
903,09:45:06,disgust
904,09:45:09,disgust
905,09:45:12,disgust
906,09:45:15,disgust
907,09:45:18,disgust
908,09:45:21,disgust
909,09:45:24,disgust
910,09:45:27,disgust
911,09:45:30,disgust
912,09:45:33,disgust
913,09:45:36,disgust
914,09:45:39,disgust
915,09:45:42,disgust
916,09:45:45,disgust
917,09:45:48,disgust
918,09:45:51,disgust
919,09:45:54,disgust
920,09:45:57,disgust
921,09:46:00,disgust
922,09:46:03,disgust
923,09:46:06,disgust
924,09:46:09,disgust
925,09:46:12,disgust
926,09:46:15,disgust
927,09:46:18,disgust
928,09:46:21,disgust
929,09:46:24,disgust
930,09:46:27,disgust
931,09:46:30,disgust
932,09:46:33,disgust
933,09:46:36,disgust
934,09:46:39,disgust
935,09:46:42,disgust
936,09:46:45,disgust
937,09:46:48,disgust
938,09:46:51,disgust
939,09:46:54,disgust
940,09:46:57,disgust
941,09:47:00,disgust
942,09:47:03,disgust
943,09:47:06,disgust
944,09:47:09,disgust
945,09:47:12,disgust
946,09:47:15,disgust
947,09:47:18,disgust
948,09:47:21,disgust
949,09:47:24,disgust
950,09:47:27,disgust
951,09:47:30,disgust
952,09:47:33,disgust
953,09:47:36,disgust
954,09:47:39,disgust
955,09:47:42,disgust
956,09:47:45,disgust
957,09:47:48,disgust
958,09:47:51,disgust
959,09:47:54,disgust
960,09:47:57,disgust
961,09:48:00,disgust
962,09:48:03,disgust
963,09:48:06,disgust
964,09:48:09,disgust
965,09:48:12,disgust
966,09:48:15,disgust
967,09:48:18,disgust
968,09:48:21,disgust
969,09:48:24,disgust
970,09:48:27,disgust
971,09:48:30,disgust
972,09:48:33,disgust
973,09:48:36,disgust
974,09:48:39,disgust
975,09:48:42,disgust
976,09:48:45,disgust
977,09:48:48,disgust
978,09:48:51,disgust
979,09:48:54,disgust
980,09:48:57,disgust
981,09:49:00,disgust
982,09:49:03,disgust
983,09:49:06,disgust
984,09:49:09,disgust
985,09:49:12,disgust
986,09:49:15,disgust
987,09:49:18,disgust
988,09:49:21,disgust
989,09:49:24,disgust
990,09:49:27,disgust
991,09:49:30,disgust
992,09:49:33,disgust
993,09:49:36,disgust
994,09:49:39,disgust
995,09:49:42,disgust
996,09:49:45,disgust
997,09:49:48,disgust
998,09:49:51,disgust
999,09:49:54,disgust
1000,09:49:57,disgust
1001,09:50:00,happy
1002,09:50:03,happy
1003,09:50:06,happy
1004,09:50:09,happy
1005,09:50:12,happy
1006,09:50:15,happy
1007,09:50:18,happy
1008,09:50:21,happy
1009,09:50:24,happy
1010,09:50:27,happy
1011,09:50:30,happy
1012,09:50:33,happy
1013,09:50:36,happy
1014,09:50:39,happy
1015,09:50:42,happy
1016,09:50:45,happy
1017,09:50:48,happy
1018,09:50:51,happy
1019,09:50:54,happy
1020,09:50:57,happy
1021,09:51:00,happy
1022,09:51:03,happy
1023,09:51:06,happy
1024,09:51:09,happy
1025,09:51:12,happy
1026,09:51:15,happy
1027,09:51:18,happy
1028,09:51:21,happy
1029,09:51:24,happy
1030,09:51:27,happy
1031,09:51:30,happy
1032,09:51:33,happy
1033,09:51:36,happy
1034,09:51:39,happy
1035,09:51:42,happy
1036,09:51:45,happy
1037,09:51:48,happy
1038,09:51:51,happy
1039,09:51:54,happy
1040,09:51:57,happy
1041,09:52:00,happy
1042,09:52:03,happy
1043,09:52:06,happy
1044,09:52:09,happy
1045,09:52:12,happy
1046,09:52:15,happy
1047,09:52:18,happy
1048,09:52:21,happy
1049,09:52:24,happy
1050,09:52:27,happy
1051,09:52:30,happy
1052,09:52:33,happy
1053,09:52:36,happy
1054,09:52:39,happy
1055,09:52:42,happy
1056,09:52:45,happy
1057,09:52:48,happy
1058,09:52:51,happy
1059,09:52:54,happy
1060,09:52:57,happy
1061,09:53:00,happy
1062,09:53:03,happy
1063,09:53:06,happy
1064,09:53:09,happy
1065,09:53:12,happy
1066,09:53:15,happy
1067,09:53:18,happy
1068,09:53:21,happy
1069,09:53:24,happy
1070,09:53:27,happy
1071,09:53:30,happy
1072,09:53:33,happy
1073,09:53:36,happy
1074,09:53:39,happy
1075,09:53:42,happy
1076,09:53:45,happy
1077,09:53:48,happy
1078,09:53:51,happy
1079,09:53:54,happy
1080,09:53:57,happy
1081,09:54:00,happy
1082,09:54:03,happy
1083,09:54:06,happy
1084,09:54:09,happy
1085,09:54:12,happy
1086,09:54:15,happy
1087,09:54:18,happy
1088,09:54:21,happy
1089,09:54:24,happy
1090,09:54:27,happy
1091,09:54:30,happy
1092,09:54:33,happy
1093,09:54:36,happy
1094,09:54:39,happy
1095,09:54:42,happy
1096,09:54:45,happy
1097,09:54:48,happy
1098,09:54:51,happy
1099,09:54:54,happy
1100,09:54:57,happy
1101,09:55:00,happy
1102,09:55:03,happy
1103,09:55:06,happy
1104,09:55:09,happy
1105,09:55:12,happy
1106,09:55:15,happy
1107,09:55:18,happy
1108,09:55:21,happy
1109,09:55:24,happy
1110,09:55:27,happy
1111,09:55:30,happy
1112,09:55:33,happy
1113,09:55:36,happy
1114,09:55:39,happy
1115,09:55:42,happy
1116,09:55:45,happy
1117,09:55:48,happy
1118,09:55:51,happy
1119,09:55:54,happy
1120,09:55:57,happy
1121,09:56:00,happy
1122,09:56:03,happy
1123,09:56:06,happy
1124,09:56:09,happy
1125,09:56:12,happy
1126,09:56:15,happy
1127,09:56:18,happy
1128,09:56:21,happy
1129,09:56:24,happy
1130,09:56:27,happy
1131,09:56:30,happy
1132,09:56:33,happy
1133,09:56:36,happy
1134,09:56:39,happy
1135,09:56:42,happy
1136,09:56:45,happy
1137,09:56:48,happy
1138,09:56:51,happy
1139,09:56:54,happy
1140,09:56:57,happy
1141,09:57:00,happy
1142,09:57:03,happy
1143,09:57:06,happy
1144,09:57:09,happy
1145,09:57:12,happy
1146,09:57:15,happy
1147,09:57:18,happy
1148,09:57:21,happy
1149,09:57:24,happy
1150,09:57:27,happy
1151,09:57:30,happy
1152,09:57:33,happy
1153,09:57:36,happy
1154,09:57:39,happy
1155,09:57:42,happy
1156,09:57:45,happy
1157,09:57:48,happy
1158,09:57:51,happy
1159,09:57:54,happy
1160,09:57:57,happy
1161,09:58:00,happy
1162,09:58:03,happy
1163,09:58:06,happy
1164,09:58:09,happy
1165,09:58:12,happy
1166,09:58:15,happy
1167,09:58:18,happy
1168,09:58:21,happy
1169,09:58:24,happy
1170,09:58:27,happy
1171,09:58:30,happy
1172,09:58:33,happy
1173,09:58:36,happy
1174,09:58:39,happy
1175,09:58:42,happy
1176,09:58:45,happy
1177,09:58:48,happy
1178,09:58:51,happy
1179,09:58:54,happy
1180,09:58:57,happy
1181,09:59:00,happy
1182,09:59:03,happy
1183,09:59:06,happy
1184,09:59:09,happy
1185,09:59:12,happy
1186,09:59:15,happy
1187,09:59:18,happy
1188,09:59:21,happy
1189,09:59:24,happy
1190,09:59:27,happy
1191,09:59:30,happy
1192,09:59:33,happy
1193,09:59:36,happy
1194,09:59:39,happy
1195,09:59:42,happy
1196,09:59:45,happy
1197,09:59:48,happy
1198,09:59:51,happy
1199,09:59:54,happy
1200,09:59:57,happy
1201,10:00:00,neutral
1202,10:00:03,neutral
1203,10:00:06,neutral
1204,10:00:09,neutral
1205,10:00:12,neutral
1206,10:00:15,neutral
1207,10:00:18,neutral
1208,10:00:21,neutral
1209,10:00:24,neutral
1210,10:00:27,neutral
1211,10:00:30,neutral
1212,10:00:33,neutral
1213,10:00:36,neutral
1214,10:00:39,neutral
1215,10:00:42,neutral
1216,10:00:45,neutral
1217,10:00:48,neutral
1218,10:00:51,neutral
1219,10:00:54,neutral
1220,10:00:57,neutral
1221,10:01:00,neutral
1222,10:01:03,neutral
1223,10:01:06,neutral
1224,10:01:09,neutral
1225,10:01:12,neutral
1226,10:01:15,neutral
1227,10:01:18,neutral
1228,10:01:21,neutral
1229,10:01:24,neutral
1230,10:01:27,neutral
1231,10:01:30,neutral
1232,10:01:33,neutral
1233,10:01:36,neutral
1234,10:01:39,neutral
1235,10:01:42,neutral
1236,10:01:45,neutral
1237,10:01:48,neutral
1238,10:01:51,neutral
1239,10:01:54,neutral
1240,10:01:57,neutral
1241,10:02:00,neutral
1242,10:02:03,neutral
1243,10:02:06,neutral
1244,10:02:09,neutral
1245,10:02:12,neutral
1246,10:02:15,neutral
1247,10:02:18,neutral
1248,10:02:21,neutral
1249,10:02:24,neutral
1250,10:02:27,neutral
1251,10:02:30,neutral
1252,10:02:33,neutral
1253,10:02:36,neutral
1254,10:02:39,neutral
1255,10:02:42,neutral
1256,10:02:45,neutral
1257,10:02:48,neutral
1258,10:02:51,neutral
1259,10:02:54,neutral
1260,10:02:57,neutral
1261,10:03:00,neutral
1262,10:03:03,neutral
1263,10:03:06,neutral
1264,10:03:09,neutral
1265,10:03:12,neutral
1266,10:03:15,neutral
1267,10:03:18,neutral
1268,10:03:21,neutral
1269,10:03:24,neutral
1270,10:03:27,neutral
1271,10:03:30,neutral
1272,10:03:33,neutral
1273,10:03:36,neutral
1274,10:03:39,neutral
1275,10:03:42,neutral
1276,10:03:45,neutral
1277,10:03:48,neutral
1278,10:03:51,neutral
1279,10:03:54,neutral
1280,10:03:57,neutral
1281,10:04:00,neutral
1282,10:04:03,neutral
1283,10:04:06,neutral
1284,10:04:09,neutral
1285,10:04:12,neutral
1286,10:04:15,neutral
1287,10:04:18,neutral
1288,10:04:21,neutral
1289,10:04:24,neutral
1290,10:04:27,neutral
1291,10:04:30,neutral
1292,10:04:33,neutral
1293,10:04:36,neutral
1294,10:04:39,neutral
1295,10:04:42,neutral
1296,10:04:45,neutral
1297,10:04:48,neutral
1298,10:04:51,neutral
1299,10:04:54,neutral
1300,10:04:57,neutral
1301,10:05:00,neutral
1302,10:05:03,neutral
1303,10:05:06,neutral
1304,10:05:09,neutral
1305,10:05:12,neutral
1306,10:05:15,neutral
1307,10:05:18,neutral
1308,10:05:21,neutral
1309,10:05:24,neutral
1310,10:05:27,neutral
1311,10:05:30,neutral
1312,10:05:33,neutral
1313,10:05:36,neutral
1314,10:05:39,neutral
1315,10:05:42,neutral
1316,10:05:45,neutral
1317,10:05:48,neutral
1318,10:05:51,neutral
1319,10:05:54,neutral
1320,10:05:57,neutral
1321,10:06:00,neutral
1322,10:06:03,neutral
1323,10:06:06,neutral
1324,10:06:09,neutral
1325,10:06:12,neutral
1326,10:06:15,neutral
1327,10:06:18,neutral
1328,10:06:21,neutral
1329,10:06:24,neutral
1330,10:06:27,neutral
1331,10:06:30,neutral
1332,10:06:33,neutral
1333,10:06:36,neutral
1334,10:06:39,neutral
1335,10:06:42,neutral
1336,10:06:45,neutral
1337,10:06:48,neutral
1338,10:06:51,neutral
1339,10:06:54,neutral
1340,10:06:57,neutral
1341,10:07:00,neutral
1342,10:07:03,neutral
1343,10:07:06,neutral
1344,10:07:09,neutral
1345,10:07:12,neutral
1346,10:07:15,neutral
1347,10:07:18,neutral
1348,10:07:21,neutral
1349,10:07:24,neutral
1350,10:07:27,neutral
1351,10:07:30,neutral
1352,10:07:33,neutral
1353,10:07:36,neutral
1354,10:07:39,neutral
1355,10:07:42,neutral
1356,10:07:45,neutral
1357,10:07:48,neutral
1358,10:07:51,neutral
1359,10:07:54,neutral
1360,10:07:57,neutral
1361,10:08:00,neutral
1362,10:08:03,neutral
1363,10:08:06,neutral
1364,10:08:09,neutral
1365,10:08:12,neutral
1366,10:08:15,neutral
1367,10:08:18,neutral
1368,10:08:21,neutral
1369,10:08:24,neutral
1370,10:08:27,neutral
1371,10:08:30,neutral
1372,10:08:33,neutral
1373,10:08:36,neutral
1374,10:08:39,neutral
1375,10:08:42,neutral
1376,10:08:45,neutral
1377,10:08:48,neutral
1378,10:08:51,neutral
1379,10:08:54,neutral
1380,10:08:57,neutral
1381,10:09:00,neutral
1382,10:09:03,neutral
1383,10:09:06,neutral
1384,10:09:09,neutral
1385,10:09:12,neutral
1386,10:09:15,neutral
1387,10:09:18,neutral
1388,10:09:21,neutral
1389,10:09:24,neutral
1390,10:09:27,neutral
1391,10:09:30,neutral
1392,10:09:33,neutral
1393,10:09:36,neutral
1394,10:09:39,neutral
1395,10:09:42,neutral
1396,10:09:45,neutral
1397,10:09:48,neutral
1398,10:09:51,neutral
1399,10:09:54,neutral
1400,10:09:57,neutral
1401,10:10:00,Fear
1402,10:10:03,Fear
1403,10:10:06,Fear
1404,10:10:09,Fear
1405,10:10:12,Fear
1406,10:10:15,Fear
1407,10:10:18,Fear
1408,10:10:21,Fear
1409,10:10:24,Fear
1410,10:10:27,Fear
1411,10:10:30,Fear
1412,10:10:33,Fear
1413,10:10:36,Fear
1414,10:10:39,Fear
1415,10:10:42,Fear
1416,10:10:45,Fear
1417,10:10:48,Fear
1418,10:10:51,Fear
1419,10:10:54,Fear
1420,10:10:57,Fear
1421,10:11:00,Fear
1422,10:11:03,Fear
1423,10:11:06,Fear
1424,10:11:09,Fear
1425,10:11:12,Fear
1426,10:11:15,Fear
1427,10:11:18,Fear
1428,10:11:21,Fear
1429,10:11:24,Fear
1430,10:11:27,Fear
1431,10:11:30,Fear
1432,10:11:33,Fear
1433,10:11:36,Fear
1434,10:11:39,Fear
1435,10:11:42,Fear
1436,10:11:45,Fear
1437,10:11:48,Fear
1438,10:11:51,Fear
1439,10:11:54,Fear
1440,10:11:57,Fear
1441,10:12:00,Fear
1442,10:12:03,Fear
1443,10:12:06,Fear
1444,10:12:09,Fear
1445,10:12:12,Fear
1446,10:12:15,Fear
1447,10:12:18,Fear
1448,10:12:21,Fear
1449,10:12:24,Fear
1450,10:12:27,Fear
1451,10:12:30,Fear
1452,10:12:33,Fear
1453,10:12:36,Fear
1454,10:12:39,Fear
1455,10:12:42,Fear
1456,10:12:45,Fear
1457,10:12:48,Fear
1458,10:12:51,Fear
1459,10:12:54,Fear
1460,10:12:57,Fear
1461,10:13:00,Fear
1462,10:13:03,Fear
1463,10:13:06,Fear
1464,10:13:09,Fear
1465,10:13:12,Fear
1466,10:13:15,Fear
1467,10:13:18,Fear
1468,10:13:21,Fear
1469,10:13:24,Fear
1470,10:13:27,Fear
1471,10:13:30,Fear
1472,10:13:33,Fear
1473,10:13:36,Fear
1474,10:13:39,Fear
1475,10:13:42,Fear
1476,10:13:45,Fear
1477,10:13:48,Fear
1478,10:13:51,Fear
1479,10:13:54,Fear
1480,10:13:57,Fear
1481,10:14:00,Fear
1482,10:14:03,Fear
1483,10:14:06,Fear
1484,10:14:09,Fear
1485,10:14:12,Fear
1486,10:14:15,Fear
1487,10:14:18,Fear
1488,10:14:21,Fear
1489,10:14:24,Fear
1490,10:14:27,Fear
1491,10:14:30,Fear
1492,10:14:33,Fear
1493,10:14:36,Fear
1494,10:14:39,Fear
1495,10:14:42,Fear
1496,10:14:45,Fear
1497,10:14:48,Fear
1498,10:14:51,Fear
1499,10:14:54,Fear
1500,10:14:57,Fear
1501,10:15:00,Fear
1502,10:15:03,Fear
1503,10:15:06,Fear
1504,10:15:09,Fear
1505,10:15:12,Fear
1506,10:15:15,Fear
1507,10:15:18,Fear
1508,10:15:21,Fear
1509,10:15:24,Fear
1510,10:15:27,Fear
1511,10:15:30,Fear
1512,10:15:33,Fear
1513,10:15:36,Fear
1514,10:15:39,Fear
1515,10:15:42,Fear
1516,10:15:45,Fear
1517,10:15:48,Fear
1518,10:15:51,Fear
1519,10:15:54,Fear
1520,10:15:57,Fear
1521,10:16:00,Fear
1522,10:16:03,Fear
1523,10:16:06,Fear
1524,10:16:09,Fear
1525,10:16:12,Fear
1526,10:16:15,Fear
1527,10:16:18,Fear
1528,10:16:21,Fear
1529,10:16:24,Fear
1530,10:16:27,Fear
1531,10:16:30,Fear
1532,10:16:33,Fear
1533,10:16:36,Fear
1534,10:16:39,Fear
1535,10:16:42,Fear
1536,10:16:45,Fear
1537,10:16:48,Fear
1538,10:16:51,Fear
1539,10:16:54,Fear
1540,10:16:57,Fear
1541,10:17:00,Fear
1542,10:17:03,Fear
1543,10:17:06,Fear
1544,10:17:09,Fear
1545,10:17:12,Fear
1546,10:17:15,Fear
1547,10:17:18,Fear
1548,10:17:21,Fear
1549,10:17:24,Fear
1550,10:17:27,Fear
1551,10:17:30,Fear
1552,10:17:33,Fear
1553,10:17:36,Fear
1554,10:17:39,Fear
1555,10:17:42,Fear
1556,10:17:45,Fear
1557,10:17:48,Fear
1558,10:17:51,Fear
1559,10:17:54,Fear
1560,10:17:57,Fear
1561,10:18:00,Fear
1562,10:18:03,Fear
1563,10:18:06,Fear
1564,10:18:09,Fear
1565,10:18:12,Fear
1566,10:18:15,Fear
1567,10:18:18,Fear
1568,10:18:21,Fear
1569,10:18:24,Fear
1570,10:18:27,Fear
1571,10:18:30,Fear
1572,10:18:33,Fear
1573,10:18:36,Fear
1574,10:18:39,Fear
1575,10:18:42,Fear
1576,10:18:45,Fear
1577,10:18:48,Fear
1578,10:18:51,Fear
1579,10:18:54,Fear
1580,10:18:57,Fear
1581,10:19:00,Fear
1582,10:19:03,Fear
1583,10:19:06,Fear
1584,10:19:09,Fear
1585,10:19:12,Fear
1586,10:19:15,Fear
1587,10:19:18,Fear
1588,10:19:21,Fear
1589,10:19:24,Fear
1590,10:19:27,Fear
1591,10:19:30,Fear
1592,10:19:33,Fear
1593,10:19:36,Fear
1594,10:19:39,Fear
1595,10:19:42,Fear
1596,10:19:45,Fear
1597,10:19:48,Fear
1598,10:19:51,Fear
1599,10:19:54,Fear
1600,10:19:57,Fear
1601,10:20:00,surprise
1602,10:20:03,surprise
1603,10:20:06,surprise
1604,10:20:09,surprise
1605,10:20:12,surprise
1606,10:20:15,surprise
1607,10:20:18,surprise
1608,10:20:21,surprise
1609,10:20:24,surprise
1610,10:20:27,surprise
1611,10:20:30,surprise
1612,10:20:33,surprise
1613,10:20:36,surprise
1614,10:20:39,surprise
1615,10:20:42,surprise
1616,10:20:45,surprise
1617,10:20:48,surprise
1618,10:20:51,surprise
1619,10:20:54,surprise
1620,10:20:57,surprise
1621,10:21:00,surprise
1622,10:21:03,surprise
1623,10:21:06,surprise
1624,10:21:09,surprise
1625,10:21:12,surprise
1626,10:21:15,surprise
1627,10:21:18,surprise
1628,10:21:21,surprise
1629,10:21:24,surprise
1630,10:21:27,surprise
1631,10:21:30,surprise
1632,10:21:33,surprise
1633,10:21:36,surprise
1634,10:21:39,surprise
1635,10:21:42,surprise
1636,10:21:45,surprise
1637,10:21:48,surprise
1638,10:21:51,surprise
1639,10:21:54,surprise
1640,10:21:57,surprise
1641,10:22:00,surprise
1642,10:22:03,surprise
1643,10:22:06,surprise
1644,10:22:09,surprise
1645,10:22:12,surprise
1646,10:22:15,surprise
1647,10:22:18,surprise
1648,10:22:21,surprise
1649,10:22:24,surprise
1650,10:22:27,surprise
1651,10:22:30,surprise
1652,10:22:33,surprise
1653,10:22:36,surprise
1654,10:22:39,surprise
1655,10:22:42,surprise
1656,10:22:45,surprise
1657,10:22:48,surprise
1658,10:22:51,surprise
1659,10:22:54,surprise
1660,10:22:57,surprise
1661,10:23:00,surprise
1662,10:23:03,surprise
1663,10:23:06,surprise
1664,10:23:09,surprise
1665,10:23:12,surprise
1666,10:23:15,surprise
1667,10:23:18,surprise
1668,10:23:21,surprise
1669,10:23:24,surprise
1670,10:23:27,surprise
1671,10:23:30,surprise
1672,10:23:33,surprise
1673,10:23:36,surprise
1674,10:23:39,surprise
1675,10:23:42,surprise
1676,10:23:45,surprise
1677,10:23:48,surprise
1678,10:23:51,surprise
1679,10:23:54,surprise
1680,10:23:57,surprise
1681,10:24:00,surprise
1682,10:24:03,surprise
1683,10:24:06,surprise
1684,10:24:09,surprise
1685,10:24:12,surprise
1686,10:24:15,surprise
1687,10:24:18,surprise
1688,10:24:21,surprise
1689,10:24:24,surprise
1690,10:24:27,surprise
1691,10:24:30,surprise
1692,10:24:33,surprise
1693,10:24:36,surprise
1694,10:24:39,surprise
1695,10:24:42,surprise
1696,10:24:45,surprise
1697,10:24:48,surprise
1698,10:24:51,surprise
1699,10:24:54,surprise
1700,10:24:57,surprise
1701,10:25:00,surprise
1702,10:25:03,surprise
1703,10:25:06,surprise
1704,10:25:09,surprise
1705,10:25:12,surprise
1706,10:25:15,surprise
1707,10:25:18,surprise
1708,10:25:21,surprise
1709,10:25:24,surprise
1710,10:25:27,surprise
1711,10:25:30,surprise
1712,10:25:33,surprise
1713,10:25:36,surprise
1714,10:25:39,surprise
1715,10:25:42,surprise
1716,10:25:45,surprise
1717,10:25:48,surprise
1718,10:25:51,surprise
1719,10:25:54,surprise
1720,10:25:57,surprise
1721,10:26:00,surprise
1722,10:26:03,surprise
1723,10:26:06,surprise
1724,10:26:09,surprise
1725,10:26:12,surprise
1726,10:26:15,surprise
1727,10:26:18,surprise
1728,10:26:21,surprise
1729,10:26:24,surprise
1730,10:26:27,surprise
1731,10:26:30,surprise
1732,10:26:33,surprise
1733,10:26:36,surprise
1734,10:26:39,surprise
1735,10:26:42,surprise
1736,10:26:45,surprise
1737,10:26:48,surprise
1738,10:26:51,surprise
1739,10:26:54,surprise
1740,10:26:57,surprise
1741,10:27:00,surprise
1742,10:27:03,surprise
1743,10:27:06,surprise
1744,10:27:09,surprise
1745,10:27:12,surprise
1746,10:27:15,surprise
1747,10:27:18,surprise
1748,10:27:21,surprise
1749,10:27:24,surprise
1750,10:27:27,surprise
1751,10:27:30,surprise
1752,10:27:33,surprise
1753,10:27:36,surprise
1754,10:27:39,surprise
1755,10:27:42,surprise
1756,10:27:45,surprise
1757,10:27:48,surprise
1758,10:27:51,surprise
1759,10:27:54,surprise
1760,10:27:57,surprise
1761,10:28:00,surprise
1762,10:28:03,surprise
1763,10:28:06,surprise
1764,10:28:09,surprise
1765,10:28:12,surprise
1766,10:28:15,surprise
1767,10:28:18,surprise
1768,10:28:21,surprise
1769,10:28:24,surprise
1770,10:28:27,surprise
1771,10:28:30,surprise
1772,10:28:33,surprise
1773,10:28:36,surprise
1774,10:28:39,surprise
1775,10:28:42,surprise
1776,10:28:45,surprise
1777,10:28:48,surprise
1778,10:28:51,surprise
1779,10:28:54,surprise
1780,10:28:57,surprise
1781,10:29:00,surprise
1782,10:29:03,surprise
1783,10:29:06,surprise
1784,10:29:09,surprise
1785,10:29:12,surprise
1786,10:29:15,surprise
1787,10:29:18,surprise
1788,10:29:21,surprise
1789,10:29:24,surprise
1790,10:29:27,surprise
1791,10:29:30,surprise
1792,10:29:33,surprise
1793,10:29:36,surprise
1794,10:29:39,surprise
1795,10:29:42,surprise
1796,10:29:45,surprise
1797,10:29:48,surprise
1798,10:29:51,surprise
1799,10:29:54,surprise
1800,10:29:57,surprise
1801,10:30:00,Sad
1802,10:30:03,Sad
1803,10:30:06,Sad
1804,10:30:09,Sad
1805,10:30:12,Sad
1806,10:30:15,Sad
1807,10:30:18,Sad
1808,10:30:21,Sad
1809,10:30:24,Sad
1810,10:30:27,Sad
1811,10:30:30,Sad
1812,10:30:33,Sad
1813,10:30:36,Sad
1814,10:30:39,Sad
1815,10:30:42,Sad
1816,10:30:45,Sad
1817,10:30:48,Sad
1818,10:30:51,Sad
1819,10:30:54,Sad
1820,10:30:57,Sad
1821,10:31:00,Sad
1822,10:31:03,Sad
1823,10:31:06,Sad
1824,10:31:09,Sad
1825,10:31:12,Sad
1826,10:31:15,Sad
1827,10:31:18,Sad
1828,10:31:21,Sad
1829,10:31:24,Sad
1830,10:31:27,Sad
1831,10:31:30,Sad
1832,10:31:33,Sad
1833,10:31:36,Sad
1834,10:31:39,Sad
1835,10:31:42,Sad
1836,10:31:45,Sad
1837,10:31:48,Sad
1838,10:31:51,Sad
1839,10:31:54,Sad
1840,10:31:57,Sad
1841,10:32:00,Sad
1842,10:32:03,Sad
1843,10:32:06,Sad
1844,10:32:09,Sad
1845,10:32:12,Sad
1846,10:32:15,Sad
1847,10:32:18,Sad
1848,10:32:21,Sad
1849,10:32:24,Sad
1850,10:32:27,Sad
1851,10:32:30,Sad
1852,10:32:33,Sad
1853,10:32:36,Sad
1854,10:32:39,Sad
1855,10:32:42,Sad
1856,10:32:45,Sad
1857,10:32:48,Sad
1858,10:32:51,Sad
1859,10:32:54,Sad
1860,10:32:57,Sad
1861,10:33:00,Sad
1862,10:33:03,Sad
1863,10:33:06,Sad
1864,10:33:09,Sad
1865,10:33:12,Sad
1866,10:33:15,Sad
1867,10:33:18,Sad
1868,10:33:21,Sad
1869,10:33:24,Sad
1870,10:33:27,Sad
1871,10:33:30,Sad
1872,10:33:33,Sad
1873,10:33:36,Sad
1874,10:33:39,Sad
1875,10:33:42,Sad
1876,10:33:45,Sad
1877,10:33:48,Sad
1878,10:33:51,Sad
1879,10:33:54,Sad
1880,10:33:57,Sad
1881,10:34:00,Sad
1882,10:34:03,Sad
1883,10:34:06,Sad
1884,10:34:09,Sad
1885,10:34:12,Sad
1886,10:34:15,Sad
1887,10:34:18,Sad
1888,10:34:21,Sad
1889,10:34:24,Sad
1890,10:34:27,Sad
1891,10:34:30,Sad
1892,10:34:33,Sad
1893,10:34:36,Sad
1894,10:34:39,Sad
1895,10:34:42,Sad
1896,10:34:45,Sad
1897,10:34:48,Sad
1898,10:34:51,Sad
1899,10:34:54,Sad
1900,10:34:57,Sad
1901,10:35:00,Sad
1902,10:35:03,Sad
1903,10:35:06,Sad
1904,10:35:09,Sad
1905,10:35:12,Sad
1906,10:35:15,Sad
1907,10:35:18,Sad
1908,10:35:21,Sad
1909,10:35:24,Sad
1910,10:35:27,Sad
1911,10:35:30,Sad
1912,10:35:33,Sad
1913,10:35:36,Sad
1914,10:35:39,Sad
1915,10:35:42,Sad
1916,10:35:45,Sad
1917,10:35:48,Sad
1918,10:35:51,Sad
1919,10:35:54,Sad
1920,10:35:57,Sad
1921,10:36:00,Sad
1922,10:36:03,Sad
1923,10:36:06,Sad
1924,10:36:09,Sad
1925,10:36:12,Sad
1926,10:36:15,Sad
1927,10:36:18,Sad
1928,10:36:21,Sad
1929,10:36:24,Sad
1930,10:36:27,Sad
1931,10:36:30,Sad
1932,10:36:33,Sad
1933,10:36:36,Sad
1934,10:36:39,Sad
1935,10:36:42,Sad
1936,10:36:45,Sad
1937,10:36:48,Sad
1938,10:36:51,Sad
1939,10:36:54,Sad
1940,10:36:57,Sad
1941,10:37:00,Sad
1942,10:37:03,Sad
1943,10:37:06,Sad
1944,10:37:09,Sad
1945,10:37:12,Sad
1946,10:37:15,Sad
1947,10:37:18,Sad
1948,10:37:21,Sad
1949,10:37:24,Sad
1950,10:37:27,Sad
1951,10:37:30,Sad
1952,10:37:33,Sad
1953,10:37:36,Sad
1954,10:37:39,Sad
1955,10:37:42,Sad
1956,10:37:45,Sad
1957,10:37:48,Sad
1958,10:37:51,Sad
1959,10:37:54,Sad
1960,10:37:57,Sad
1961,10:38:00,Sad
1962,10:38:03,Sad
1963,10:38:06,Sad
1964,10:38:09,Sad
1965,10:38:12,Sad
1966,10:38:15,Sad
1967,10:38:18,Sad
1968,10:38:21,Sad
1969,10:38:24,Sad
1970,10:38:27,Sad
1971,10:38:30,Sad
1972,10:38:33,Sad
1973,10:38:36,Sad
1974,10:38:39,Sad
1975,10:38:42,Sad
1976,10:38:45,Sad
1977,10:38:48,Sad
1978,10:38:51,Sad
1979,10:38:54,Sad
1980,10:38:57,Sad
1981,10:39:00,Sad
1982,10:39:03,Sad
1983,10:39:06,Sad
1984,10:39:09,Sad
1985,10:39:12,Sad
1986,10:39:15,Sad
1987,10:39:18,Sad
1988,10:39:21,Sad
1989,10:39:24,Sad
1990,10:39:27,Sad
1991,10:39:30,Sad
1992,10:39:33,Sad
1993,10:39:36,Sad
1994,10:39:39,Sad
1995,10:39:42,Sad
1996,10:39:45,Sad
1997,10:39:48,Sad
1998,10:39:51,Sad
1999,10:39:54,Sad
2000,10:39:57,Sad
2001,10:40:00,angry
2002,10:40:03,angry
2003,10:40:06,angry
2004,10:40:09,angry
2005,10:40:12,angry
2006,10:40:15,angry
2007,10:40:18,angry
2008,10:40:21,angry
2009,10:40:24,angry
2010,10:40:27,angry
2011,10:40:30,angry
2012,10:40:33,angry
2013,10:40:36,angry
2014,10:40:39,angry
2015,10:40:42,angry
2016,10:40:45,angry
2017,10:40:48,angry
2018,10:40:51,angry
2019,10:40:54,angry
2020,10:40:57,angry
2021,10:41:00,angry
2022,10:41:03,angry
2023,10:41:06,angry
2024,10:41:09,angry
2025,10:41:12,angry
2026,10:41:15,angry
2027,10:41:18,angry
2028,10:41:21,angry
2029,10:41:24,angry
2030,10:41:27,angry
2031,10:41:30,angry
2032,10:41:33,angry
2033,10:41:36,angry
2034,10:41:39,angry
2035,10:41:42,angry
2036,10:41:45,angry
2037,10:41:48,angry
2038,10:41:51,angry
2039,10:41:54,angry
2040,10:41:57,angry
2041,10:42:00,angry
2042,10:42:03,angry
2043,10:42:06,angry
2044,10:42:09,angry
2045,10:42:12,angry
2046,10:42:15,angry
2047,10:42:18,angry
2048,10:42:21,angry
2049,10:42:24,angry
2050,10:42:27,angry
2051,10:42:30,angry
2052,10:42:33,angry
2053,10:42:36,angry
2054,10:42:39,angry
2055,10:42:42,angry
2056,10:42:45,angry
2057,10:42:48,angry
2058,10:42:51,angry
2059,10:42:54,angry
2060,10:42:57,angry
2061,10:43:00,angry
2062,10:43:03,angry
2063,10:43:06,angry
2064,10:43:09,angry
2065,10:43:12,angry
2066,10:43:15,angry
2067,10:43:18,angry
2068,10:43:21,angry
2069,10:43:24,angry
2070,10:43:27,angry
2071,10:43:30,angry
2072,10:43:33,angry
2073,10:43:36,angry
2074,10:43:39,angry
2075,10:43:42,angry
2076,10:43:45,angry
2077,10:43:48,angry
2078,10:43:51,angry
2079,10:43:54,angry
2080,10:43:57,angry
2081,10:44:00,angry
2082,10:44:03,angry
2083,10:44:06,angry
2084,10:44:09,angry
2085,10:44:12,angry
2086,10:44:15,angry
2087,10:44:18,angry
2088,10:44:21,angry
2089,10:44:24,angry
2090,10:44:27,angry
2091,10:44:30,angry
2092,10:44:33,angry
2093,10:44:36,angry
2094,10:44:39,angry
2095,10:44:42,angry
2096,10:44:45,angry
2097,10:44:48,angry
2098,10:44:51,angry
2099,10:44:54,angry
2100,10:44:57,angry
2101,10:45:00,angry
2102,10:45:03,angry
2103,10:45:06,angry
2104,10:45:09,angry
2105,10:45:12,angry
2106,10:45:15,angry
2107,10:45:18,angry
2108,10:45:21,angry
2109,10:45:24,angry
2110,10:45:27,angry
2111,10:45:30,angry
2112,10:45:33,angry
2113,10:45:36,angry
2114,10:45:39,angry
2115,10:45:42,angry
2116,10:45:45,angry
2117,10:45:48,angry
2118,10:45:51,angry
2119,10:45:54,angry
2120,10:45:57,angry
2121,10:46:00,angry
2122,10:46:03,angry
2123,10:46:06,angry
2124,10:46:09,angry
2125,10:46:12,angry
2126,10:46:15,angry
2127,10:46:18,angry
2128,10:46:21,angry
2129,10:46:24,angry
2130,10:46:27,angry
2131,10:46:30,angry
2132,10:46:33,angry
2133,10:46:36,angry
2134,10:46:39,angry
2135,10:46:42,angry
2136,10:46:45,angry
2137,10:46:48,angry
2138,10:46:51,angry
2139,10:46:54,angry
2140,10:46:57,angry
2141,10:47:00,angry
2142,10:47:03,angry
2143,10:47:06,angry
2144,10:47:09,angry
2145,10:47:12,angry
2146,10:47:15,angry
2147,10:47:18,angry
2148,10:47:21,angry
2149,10:47:24,angry
2150,10:47:27,angry
2151,10:47:30,angry
2152,10:47:33,angry
2153,10:47:36,angry
2154,10:47:39,angry
2155,10:47:42,angry
2156,10:47:45,angry
2157,10:47:48,angry
2158,10:47:51,angry
2159,10:47:54,angry
2160,10:47:57,angry
2161,10:48:00,angry
2162,10:48:03,angry
2163,10:48:06,angry
2164,10:48:09,angry
2165,10:48:12,angry
2166,10:48:15,angry
2167,10:48:18,angry
2168,10:48:21,angry
2169,10:48:24,angry
2170,10:48:27,angry
2171,10:48:30,angry
2172,10:48:33,angry
2173,10:48:36,angry
2174,10:48:39,angry
2175,10:48:42,angry
2176,10:48:45,angry
2177,10:48:48,angry
2178,10:48:51,angry
2179,10:48:54,angry
2180,10:48:57,angry
2181,10:49:00,angry
2182,10:49:03,angry
2183,10:49:06,angry
2184,10:49:09,angry
2185,10:49:12,angry
2186,10:49:15,angry
2187,10:49:18,angry
2188,10:49:21,angry
2189,10:49:24,angry
2190,10:49:27,angry
2191,10:49:30,angry
2192,10:49:33,angry
2193,10:49:36,angry
2194,10:49:39,angry
2195,10:49:42,angry
2196,10:49:45,angry
2197,10:49:48,angry
2198,10:49:51,angry
2199,10:49:54,angry
2200,10:49:57,angry
2201,10:50:00,disgust
2202,10:50:03,disgust
2203,10:50:06,disgust
2204,10:50:09,disgust
2205,10:50:12,disgust
2206,10:50:15,disgust
2207,10:50:18,disgust
2208,10:50:21,disgust
2209,10:50:24,disgust
2210,10:50:27,disgust
2211,10:50:30,disgust
2212,10:50:33,disgust
2213,10:50:36,disgust
2214,10:50:39,disgust
2215,10:50:42,disgust
2216,10:50:45,disgust
2217,10:50:48,disgust
2218,10:50:51,disgust
2219,10:50:54,disgust
2220,10:50:57,disgust
2221,10:51:00,disgust
2222,10:51:03,disgust
2223,10:51:06,disgust
2224,10:51:09,disgust
2225,10:51:12,disgust
2226,10:51:15,disgust
2227,10:51:18,disgust
2228,10:51:21,disgust
2229,10:51:24,disgust
2230,10:51:27,disgust
2231,10:51:30,disgust
2232,10:51:33,disgust
2233,10:51:36,disgust
2234,10:51:39,disgust
2235,10:51:42,disgust
2236,10:51:45,disgust
2237,10:51:48,disgust
2238,10:51:51,disgust
2239,10:51:54,disgust
2240,10:51:57,disgust
2241,10:52:00,disgust
2242,10:52:03,disgust
2243,10:52:06,disgust
2244,10:52:09,disgust
2245,10:52:12,disgust
2246,10:52:15,disgust
2247,10:52:18,disgust
2248,10:52:21,disgust
2249,10:52:24,disgust
2250,10:52:27,disgust
2251,10:52:30,disgust
2252,10:52:33,disgust
2253,10:52:36,disgust
2254,10:52:39,disgust
2255,10:52:42,disgust
2256,10:52:45,disgust
2257,10:52:48,disgust
2258,10:52:51,disgust
2259,10:52:54,disgust
2260,10:52:57,disgust
2261,10:53:00,disgust
2262,10:53:03,disgust
2263,10:53:06,disgust
2264,10:53:09,disgust
2265,10:53:12,disgust
2266,10:53:15,disgust
2267,10:53:18,disgust
2268,10:53:21,disgust
2269,10:53:24,disgust
2270,10:53:27,disgust
2271,10:53:30,disgust
2272,10:53:33,disgust
2273,10:53:36,disgust
2274,10:53:39,disgust
2275,10:53:42,disgust
2276,10:53:45,disgust
2277,10:53:48,disgust
2278,10:53:51,disgust
2279,10:53:54,disgust
2280,10:53:57,disgust
2281,10:54:00,disgust
2282,10:54:03,disgust
2283,10:54:06,disgust
2284,10:54:09,disgust
2285,10:54:12,disgust
2286,10:54:15,disgust
2287,10:54:18,disgust
2288,10:54:21,disgust
2289,10:54:24,disgust
2290,10:54:27,disgust
2291,10:54:30,disgust
2292,10:54:33,disgust
2293,10:54:36,disgust
2294,10:54:39,disgust
2295,10:54:42,disgust
2296,10:54:45,disgust
2297,10:54:48,disgust
2298,10:54:51,disgust
2299,10:54:54,disgust
2300,10:54:57,disgust
2301,10:55:00,disgust
2302,10:55:03,disgust
2303,10:55:06,disgust
2304,10:55:09,disgust
2305,10:55:12,disgust
2306,10:55:15,disgust
2307,10:55:18,disgust
2308,10:55:21,disgust
2309,10:55:24,disgust
2310,10:55:27,disgust
2311,10:55:30,disgust
2312,10:55:33,disgust
2313,10:55:36,disgust
2314,10:55:39,disgust
2315,10:55:42,disgust
2316,10:55:45,disgust
2317,10:55:48,disgust
2318,10:55:51,disgust
2319,10:55:54,disgust
2320,10:55:57,disgust
2321,10:56:00,disgust
2322,10:56:03,disgust
2323,10:56:06,disgust
2324,10:56:09,disgust
2325,10:56:12,disgust
2326,10:56:15,disgust
2327,10:56:18,disgust
2328,10:56:21,disgust
2329,10:56:24,disgust
2330,10:56:27,disgust
2331,10:56:30,disgust
2332,10:56:33,disgust
2333,10:56:36,disgust
2334,10:56:39,disgust
2335,10:56:42,disgust
2336,10:56:45,disgust
2337,10:56:48,disgust
2338,10:56:51,disgust
2339,10:56:54,disgust
2340,10:56:57,disgust
2341,10:57:00,disgust
2342,10:57:03,disgust
2343,10:57:06,disgust
2344,10:57:09,disgust
2345,10:57:12,disgust
2346,10:57:15,disgust
2347,10:57:18,disgust
2348,10:57:21,disgust
2349,10:57:24,disgust
2350,10:57:27,disgust
2351,10:57:30,disgust
2352,10:57:33,disgust
2353,10:57:36,disgust
2354,10:57:39,disgust
2355,10:57:42,disgust
2356,10:57:45,disgust
2357,10:57:48,disgust
2358,10:57:51,disgust
2359,10:57:54,disgust
2360,10:57:57,disgust
2361,10:58:00,disgust
2362,10:58:03,disgust
2363,10:58:06,disgust
2364,10:58:09,disgust
2365,10:58:12,disgust
2366,10:58:15,disgust
2367,10:58:18,disgust
2368,10:58:21,disgust
2369,10:58:24,disgust
2370,10:58:27,disgust
2371,10:58:30,disgust
2372,10:58:33,disgust
2373,10:58:36,disgust
2374,10:58:39,disgust
2375,10:58:42,disgust
2376,10:58:45,disgust
2377,10:58:48,disgust
2378,10:58:51,disgust
2379,10:58:54,disgust
2380,10:58:57,disgust
2381,10:59:00,disgust
2382,10:59:03,disgust
2383,10:59:06,disgust
2384,10:59:09,disgust
2385,10:59:12,disgust
2386,10:59:15,disgust
2387,10:59:18,disgust
2388,10:59:21,disgust
2389,10:59:24,disgust
2390,10:59:27,disgust
2391,10:59:30,disgust
2392,10:59:33,disgust
2393,10:59:36,disgust
2394,10:59:39,disgust
2395,10:59:42,disgust
2396,10:59:45,disgust
2397,10:59:48,disgust
2398,10:59:51,disgust
2399,10:59:54,disgust
2400,10:59:57,disgust
2401,11:00:00,happy
2402,11:00:03,happy
2403,11:00:06,happy
2404,11:00:09,happy
2405,11:00:12,happy
2406,11:00:15,happy
2407,11:00:18,happy
2408,11:00:21,happy
2409,11:00:24,happy
2410,11:00:27,happy
2411,11:00:30,happy
2412,11:00:33,happy
2413,11:00:36,happy
2414,11:00:39,happy
2415,11:00:42,happy
2416,11:00:45,happy
2417,11:00:48,happy
2418,11:00:51,happy
2419,11:00:54,happy
2420,11:00:57,happy
2421,11:01:00,happy
2422,11:01:03,happy
2423,11:01:06,happy
2424,11:01:09,happy
2425,11:01:12,happy
2426,11:01:15,happy
2427,11:01:18,happy
2428,11:01:21,happy
2429,11:01:24,happy
2430,11:01:27,happy
2431,11:01:30,happy
2432,11:01:33,happy
2433,11:01:36,happy
2434,11:01:39,happy
2435,11:01:42,happy
2436,11:01:45,happy
2437,11:01:48,happy
2438,11:01:51,happy
2439,11:01:54,happy
2440,11:01:57,happy
2441,11:02:00,happy
2442,11:02:03,happy
2443,11:02:06,happy
2444,11:02:09,happy
2445,11:02:12,happy
2446,11:02:15,happy
2447,11:02:18,happy
2448,11:02:21,happy
2449,11:02:24,happy
2450,11:02:27,happy
2451,11:02:30,happy
2452,11:02:33,happy
2453,11:02:36,happy
2454,11:02:39,happy
2455,11:02:42,happy
2456,11:02:45,happy
2457,11:02:48,happy
2458,11:02:51,happy
2459,11:02:54,happy
2460,11:02:57,happy
2461,11:03:00,happy
2462,11:03:03,happy
2463,11:03:06,happy
2464,11:03:09,happy
2465,11:03:12,happy
2466,11:03:15,happy
2467,11:03:18,happy
2468,11:03:21,happy
2469,11:03:24,happy
2470,11:03:27,happy
2471,11:03:30,happy
2472,11:03:33,happy
2473,11:03:36,happy
2474,11:03:39,happy
2475,11:03:42,happy
2476,11:03:45,happy
2477,11:03:48,happy
2478,11:03:51,happy
2479,11:03:54,happy
2480,11:03:57,happy
2481,11:04:00,happy
2482,11:04:03,happy
2483,11:04:06,happy
2484,11:04:09,happy
2485,11:04:12,happy
2486,11:04:15,happy
2487,11:04:18,happy
2488,11:04:21,happy
2489,11:04:24,happy
2490,11:04:27,happy
2491,11:04:30,happy
2492,11:04:33,happy
2493,11:04:36,happy
2494,11:04:39,happy
2495,11:04:42,happy
2496,11:04:45,happy
2497,11:04:48,happy
2498,11:04:51,happy
2499,11:04:54,happy
2500,11:04:57,happy
2501,11:05:00,happy
2502,11:05:03,happy
2503,11:05:06,happy
2504,11:05:09,happy
2505,11:05:12,happy
2506,11:05:15,happy
2507,11:05:18,happy
2508,11:05:21,happy
2509,11:05:24,happy
2510,11:05:27,happy
2511,11:05:30,happy
2512,11:05:33,happy
2513,11:05:36,happy
2514,11:05:39,happy
2515,11:05:42,happy
2516,11:05:45,happy
2517,11:05:48,happy
2518,11:05:51,happy
2519,11:05:54,happy
2520,11:05:57,happy
2521,11:06:00,happy
2522,11:06:03,happy
2523,11:06:06,happy
2524,11:06:09,happy
2525,11:06:12,happy
2526,11:06:15,happy
2527,11:06:18,happy
2528,11:06:21,happy
2529,11:06:24,happy
2530,11:06:27,happy
2531,11:06:30,happy
2532,11:06:33,happy
2533,11:06:36,happy
2534,11:06:39,happy
2535,11:06:42,happy
2536,11:06:45,happy
2537,11:06:48,happy
2538,11:06:51,happy
2539,11:06:54,happy
2540,11:06:57,happy
2541,11:07:00,happy
2542,11:07:03,happy
2543,11:07:06,happy
2544,11:07:09,happy
2545,11:07:12,happy
2546,11:07:15,happy
2547,11:07:18,happy
2548,11:07:21,happy
2549,11:07:24,happy
2550,11:07:27,happy
2551,11:07:30,happy
2552,11:07:33,happy
2553,11:07:36,happy
2554,11:07:39,happy
2555,11:07:42,happy
2556,11:07:45,happy
2557,11:07:48,happy
2558,11:07:51,happy
2559,11:07:54,happy
2560,11:07:57,happy
2561,11:08:00,happy
2562,11:08:03,happy
2563,11:08:06,happy
2564,11:08:09,happy
2565,11:08:12,happy
2566,11:08:15,happy
2567,11:08:18,happy
2568,11:08:21,happy
2569,11:08:24,happy
2570,11:08:27,happy
2571,11:08:30,happy
2572,11:08:33,happy
2573,11:08:36,happy
2574,11:08:39,happy
2575,11:08:42,happy
2576,11:08:45,happy
2577,11:08:48,happy
2578,11:08:51,happy
2579,11:08:54,happy
2580,11:08:57,happy
2581,11:09:00,happy
2582,11:09:03,happy
2583,11:09:06,happy
2584,11:09:09,happy
2585,11:09:12,happy
2586,11:09:15,happy
2587,11:09:18,happy
2588,11:09:21,happy
2589,11:09:24,happy
2590,11:09:27,happy
2591,11:09:30,happy
2592,11:09:33,happy
2593,11:09:36,happy
2594,11:09:39,happy
2595,11:09:42,happy
2596,11:09:45,happy
2597,11:09:48,happy
2598,11:09:51,happy
2599,11:09:54,happy
2600,11:09:57,happy
2601,11:10:00,neutral
2602,11:10:03,neutral
2603,11:10:06,neutral
2604,11:10:09,neutral
2605,11:10:12,neutral
2606,11:10:15,neutral
2607,11:10:18,neutral
2608,11:10:21,neutral
2609,11:10:24,neutral
2610,11:10:27,neutral
2611,11:10:30,neutral
2612,11:10:33,neutral
2613,11:10:36,neutral
2614,11:10:39,neutral
2615,11:10:42,neutral
2616,11:10:45,neutral
2617,11:10:48,neutral
2618,11:10:51,neutral
2619,11:10:54,neutral
2620,11:10:57,neutral
2621,11:11:00,neutral
2622,11:11:03,neutral
2623,11:11:06,neutral
2624,11:11:09,neutral
2625,11:11:12,neutral
2626,11:11:15,neutral
2627,11:11:18,neutral
2628,11:11:21,neutral
2629,11:11:24,neutral
2630,11:11:27,neutral
2631,11:11:30,neutral
2632,11:11:33,neutral
2633,11:11:36,neutral
2634,11:11:39,neutral
2635,11:11:42,neutral
2636,11:11:45,neutral
2637,11:11:48,neutral
2638,11:11:51,neutral
2639,11:11:54,neutral
2640,11:11:57,neutral
2641,11:12:00,neutral
2642,11:12:03,neutral
2643,11:12:06,neutral
2644,11:12:09,neutral
2645,11:12:12,neutral
2646,11:12:15,neutral
2647,11:12:18,neutral
2648,11:12:21,neutral
2649,11:12:24,neutral
2650,11:12:27,neutral
2651,11:12:30,neutral
2652,11:12:33,neutral
2653,11:12:36,neutral
2654,11:12:39,neutral
2655,11:12:42,neutral
2656,11:12:45,neutral
2657,11:12:48,neutral
2658,11:12:51,neutral
2659,11:12:54,neutral
2660,11:12:57,neutral
2661,11:13:00,neutral
2662,11:13:03,neutral
2663,11:13:06,neutral
2664,11:13:09,neutral
2665,11:13:12,neutral
2666,11:13:15,neutral
2667,11:13:18,neutral
2668,11:13:21,neutral
2669,11:13:24,neutral
2670,11:13:27,neutral
2671,11:13:30,neutral
2672,11:13:33,neutral
2673,11:13:36,neutral
2674,11:13:39,neutral
2675,11:13:42,neutral
2676,11:13:45,neutral
2677,11:13:48,neutral
2678,11:13:51,neutral
2679,11:13:54,neutral
2680,11:13:57,neutral
2681,11:14:00,neutral
2682,11:14:03,neutral
2683,11:14:06,neutral
2684,11:14:09,neutral
2685,11:14:12,neutral
2686,11:14:15,neutral
2687,11:14:18,neutral
2688,11:14:21,neutral
2689,11:14:24,neutral
2690,11:14:27,neutral
2691,11:14:30,neutral
2692,11:14:33,neutral
2693,11:14:36,neutral
2694,11:14:39,neutral
2695,11:14:42,neutral
2696,11:14:45,neutral
2697,11:14:48,neutral
2698,11:14:51,neutral
2699,11:14:54,neutral
2700,11:14:57,neutral
2701,11:15:00,neutral
2702,11:15:03,neutral
2703,11:15:06,neutral
2704,11:15:09,neutral
2705,11:15:12,neutral
2706,11:15:15,neutral
2707,11:15:18,neutral
2708,11:15:21,neutral
2709,11:15:24,neutral
2710,11:15:27,neutral
2711,11:15:30,neutral
2712,11:15:33,neutral
2713,11:15:36,neutral
2714,11:15:39,neutral
2715,11:15:42,neutral
2716,11:15:45,neutral
2717,11:15:48,neutral
2718,11:15:51,neutral
2719,11:15:54,neutral
2720,11:15:57,neutral
2721,11:16:00,neutral
2722,11:16:03,neutral
2723,11:16:06,neutral
2724,11:16:09,neutral
2725,11:16:12,neutral
2726,11:16:15,neutral
2727,11:16:18,neutral
2728,11:16:21,neutral
2729,11:16:24,neutral
2730,11:16:27,neutral
2731,11:16:30,neutral
2732,11:16:33,neutral
2733,11:16:36,neutral
2734,11:16:39,neutral
2735,11:16:42,neutral
2736,11:16:45,neutral
2737,11:16:48,neutral
2738,11:16:51,neutral
2739,11:16:54,neutral
2740,11:16:57,neutral
2741,11:17:00,neutral
2742,11:17:03,neutral
2743,11:17:06,neutral
2744,11:17:09,neutral
2745,11:17:12,neutral
2746,11:17:15,neutral
2747,11:17:18,neutral
2748,11:17:21,neutral
2749,11:17:24,neutral
2750,11:17:27,neutral
2751,11:17:30,neutral
2752,11:17:33,neutral
2753,11:17:36,neutral
2754,11:17:39,neutral
2755,11:17:42,neutral
2756,11:17:45,neutral
2757,11:17:48,neutral
2758,11:17:51,neutral
2759,11:17:54,neutral
2760,11:17:57,neutral
2761,11:18:00,neutral
2762,11:18:03,neutral
2763,11:18:06,neutral
2764,11:18:09,neutral
2765,11:18:12,neutral
2766,11:18:15,neutral
2767,11:18:18,neutral
2768,11:18:21,neutral
2769,11:18:24,neutral
2770,11:18:27,neutral
2771,11:18:30,neutral
2772,11:18:33,neutral
2773,11:18:36,neutral
2774,11:18:39,neutral
2775,11:18:42,neutral
2776,11:18:45,neutral
2777,11:18:48,neutral
2778,11:18:51,neutral
2779,11:18:54,neutral
2780,11:18:57,neutral
2781,11:19:00,neutral
2782,11:19:03,neutral
2783,11:19:06,neutral
2784,11:19:09,neutral
2785,11:19:12,neutral
2786,11:19:15,neutral
2787,11:19:18,neutral
2788,11:19:21,neutral
2789,11:19:24,neutral
2790,11:19:27,neutral
2791,11:19:30,neutral
2792,11:19:33,neutral
2793,11:19:36,neutral
2794,11:19:39,neutral
2795,11:19:42,neutral
2796,11:19:45,neutral
2797,11:19:48,neutral
2798,11:19:51,neutral
2799,11:19:54,neutral
2800,11:19:57,neutral
2801,11:20:00,angry
2802,11:20:03,angry
2803,11:20:06,angry
2804,11:20:09,angry
2805,11:20:12,angry
2806,11:20:15,angry
2807,11:20:18,angry
2808,11:20:21,angry
2809,11:20:24,angry
2810,11:20:27,angry
2811,11:20:30,angry
2812,11:20:33,angry
2813,11:20:36,angry
2814,11:20:39,angry
2815,11:20:42,angry
2816,11:20:45,angry
2817,11:20:48,angry
2818,11:20:51,angry
2819,11:20:54,angry
2820,11:20:57,angry
2821,11:21:00,angry
2822,11:21:03,angry
2823,11:21:06,angry
2824,11:21:09,angry
2825,11:21:12,angry
2826,11:21:15,angry
2827,11:21:18,angry
2828,11:21:21,angry
2829,11:21:24,angry
2830,11:21:27,angry
2831,11:21:30,angry
2832,11:21:33,angry
2833,11:21:36,angry
2834,11:21:39,angry
2835,11:21:42,angry
2836,11:21:45,angry
2837,11:21:48,angry
2838,11:21:51,angry
2839,11:21:54,angry
2840,11:21:57,angry
2841,11:22:00,angry
2842,11:22:03,angry
2843,11:22:06,angry
2844,11:22:09,angry
2845,11:22:12,angry
2846,11:22:15,angry
2847,11:22:18,angry
2848,11:22:21,angry
2849,11:22:24,angry
2850,11:22:27,angry
2851,11:22:30,angry
2852,11:22:33,angry
2853,11:22:36,angry
2854,11:22:39,angry
2855,11:22:42,angry
2856,11:22:45,angry
2857,11:22:48,angry
2858,11:22:51,angry
2859,11:22:54,angry
2860,11:22:57,angry
2861,11:23:00,angry
2862,11:23:03,angry
2863,11:23:06,angry
2864,11:23:09,angry
2865,11:23:12,angry
2866,11:23:15,angry
2867,11:23:18,angry
2868,11:23:21,angry
2869,11:23:24,angry
2870,11:23:27,angry
2871,11:23:30,angry
2872,11:23:33,angry
2873,11:23:36,angry
2874,11:23:39,angry
2875,11:23:42,angry
2876,11:23:45,angry
2877,11:23:48,angry
2878,11:23:51,angry
2879,11:23:54,angry
2880,11:23:57,angry
2881,11:24:00,angry
2882,11:24:03,angry
2883,11:24:06,angry
2884,11:24:09,angry
2885,11:24:12,angry
2886,11:24:15,angry
2887,11:24:18,angry
2888,11:24:21,angry
2889,11:24:24,angry
2890,11:24:27,angry
2891,11:24:30,angry
2892,11:24:33,angry
2893,11:24:36,angry
2894,11:24:39,angry
2895,11:24:42,angry
2896,11:24:45,angry
2897,11:24:48,angry
2898,11:24:51,angry
2899,11:24:54,angry
2900,11:24:57,angry
2901,11:25:00,angry
2902,11:25:03,angry
2903,11:25:06,angry
2904,11:25:09,angry
2905,11:25:12,angry
2906,11:25:15,angry
2907,11:25:18,angry
2908,11:25:21,angry
2909,11:25:24,angry
2910,11:25:27,angry
2911,11:25:30,angry
2912,11:25:33,angry
2913,11:25:36,angry
2914,11:25:39,angry
2915,11:25:42,angry
2916,11:25:45,angry
2917,11:25:48,angry
2918,11:25:51,angry
2919,11:25:54,angry
2920,11:25:57,angry
2921,11:26:00,angry
2922,11:26:03,angry
2923,11:26:06,angry
2924,11:26:09,angry
2925,11:26:12,angry
2926,11:26:15,angry
2927,11:26:18,angry
2928,11:26:21,angry
2929,11:26:24,angry
2930,11:26:27,angry
2931,11:26:30,angry
2932,11:26:33,angry
2933,11:26:36,angry
2934,11:26:39,angry
2935,11:26:42,angry
2936,11:26:45,angry
2937,11:26:48,angry
2938,11:26:51,angry
2939,11:26:54,angry
2940,11:26:57,angry
2941,11:27:00,angry
2942,11:27:03,angry
2943,11:27:06,angry
2944,11:27:09,angry
2945,11:27:12,angry
2946,11:27:15,angry
2947,11:27:18,angry
2948,11:27:21,angry
2949,11:27:24,angry
2950,11:27:27,angry
2951,11:27:30,angry
2952,11:27:33,angry
2953,11:27:36,angry
2954,11:27:39,angry
2955,11:27:42,angry
2956,11:27:45,angry
2957,11:27:48,angry
2958,11:27:51,angry
2959,11:27:54,angry
2960,11:27:57,angry
2961,11:28:00,angry
2962,11:28:03,angry
2963,11:28:06,angry
2964,11:28:09,angry
2965,11:28:12,angry
2966,11:28:15,angry
2967,11:28:18,angry
2968,11:28:21,angry
2969,11:28:24,angry
2970,11:28:27,angry
2971,11:28:30,angry
2972,11:28:33,angry
2973,11:28:36,angry
2974,11:28:39,angry
2975,11:28:42,angry
2976,11:28:45,angry
2977,11:28:48,angry
2978,11:28:51,angry
2979,11:28:54,angry
2980,11:28:57,angry
2981,11:29:00,angry
2982,11:29:03,angry
2983,11:29:06,angry
2984,11:29:09,angry
2985,11:29:12,angry
2986,11:29:15,angry
2987,11:29:18,angry
2988,11:29:21,angry
2989,11:29:24,angry
2990,11:29:27,angry
2991,11:29:30,angry
2992,11:29:33,angry
2993,11:29:36,angry
2994,11:29:39,angry
2995,11:29:42,angry
2996,11:29:45,angry
2997,11:29:48,angry
2998,11:29:51,angry
2999,11:29:54,angry
3000,11:29:57,angry
3001,11:30:00,disgust
3002,11:30:03,disgust
3003,11:30:06,disgust
3004,11:30:09,disgust
3005,11:30:12,disgust
3006,11:30:15,disgust
3007,11:30:18,disgust
3008,11:30:21,disgust
3009,11:30:24,disgust
3010,11:30:27,disgust
3011,11:30:30,disgust
3012,11:30:33,disgust
3013,11:30:36,disgust
3014,11:30:39,disgust
3015,11:30:42,disgust
3016,11:30:45,disgust
3017,11:30:48,disgust
3018,11:30:51,disgust
3019,11:30:54,disgust
3020,11:30:57,disgust
3021,11:31:00,disgust
3022,11:31:03,disgust
3023,11:31:06,disgust
3024,11:31:09,disgust
3025,11:31:12,disgust
3026,11:31:15,disgust
3027,11:31:18,disgust
3028,11:31:21,disgust
3029,11:31:24,disgust
3030,11:31:27,disgust
3031,11:31:30,disgust
3032,11:31:33,disgust
3033,11:31:36,disgust
3034,11:31:39,disgust
3035,11:31:42,disgust
3036,11:31:45,disgust
3037,11:31:48,disgust
3038,11:31:51,disgust
3039,11:31:54,disgust
3040,11:31:57,disgust
3041,11:32:00,disgust
3042,11:32:03,disgust
3043,11:32:06,disgust
3044,11:32:09,disgust
3045,11:32:12,disgust
3046,11:32:15,disgust
3047,11:32:18,disgust
3048,11:32:21,disgust
3049,11:32:24,disgust
3050,11:32:27,disgust
3051,11:32:30,disgust
3052,11:32:33,disgust
3053,11:32:36,disgust
3054,11:32:39,disgust
3055,11:32:42,disgust
3056,11:32:45,disgust
3057,11:32:48,disgust
3058,11:32:51,disgust
3059,11:32:54,disgust
3060,11:32:57,disgust
3061,11:33:00,disgust
3062,11:33:03,disgust
3063,11:33:06,disgust
3064,11:33:09,disgust
3065,11:33:12,disgust
3066,11:33:15,disgust
3067,11:33:18,disgust
3068,11:33:21,disgust
3069,11:33:24,disgust
3070,11:33:27,disgust
3071,11:33:30,disgust
3072,11:33:33,disgust
3073,11:33:36,disgust
3074,11:33:39,disgust
3075,11:33:42,disgust
3076,11:33:45,disgust
3077,11:33:48,disgust
3078,11:33:51,disgust
3079,11:33:54,disgust
3080,11:33:57,disgust
3081,11:34:00,disgust
3082,11:34:03,disgust
3083,11:34:06,disgust
3084,11:34:09,disgust
3085,11:34:12,disgust
3086,11:34:15,disgust
3087,11:34:18,disgust
3088,11:34:21,disgust
3089,11:34:24,disgust
3090,11:34:27,disgust
3091,11:34:30,disgust
3092,11:34:33,disgust
3093,11:34:36,disgust
3094,11:34:39,disgust
3095,11:34:42,disgust
3096,11:34:45,disgust
3097,11:34:48,disgust
3098,11:34:51,disgust
3099,11:34:54,disgust
3100,11:34:57,disgust
3101,11:35:00,disgust
3102,11:35:03,disgust
3103,11:35:06,disgust
3104,11:35:09,disgust
3105,11:35:12,disgust
3106,11:35:15,disgust
3107,11:35:18,disgust
3108,11:35:21,disgust
3109,11:35:24,disgust
3110,11:35:27,disgust
3111,11:35:30,disgust
3112,11:35:33,disgust
3113,11:35:36,disgust
3114,11:35:39,disgust
3115,11:35:42,disgust
3116,11:35:45,disgust
3117,11:35:48,disgust
3118,11:35:51,disgust
3119,11:35:54,disgust
3120,11:35:57,disgust
3121,11:36:00,disgust
3122,11:36:03,disgust
3123,11:36:06,disgust
3124,11:36:09,disgust
3125,11:36:12,disgust
3126,11:36:15,disgust
3127,11:36:18,disgust
3128,11:36:21,disgust
3129,11:36:24,disgust
3130,11:36:27,disgust
3131,11:36:30,disgust
3132,11:36:33,disgust
3133,11:36:36,disgust
3134,11:36:39,disgust
3135,11:36:42,disgust
3136,11:36:45,disgust
3137,11:36:48,disgust
3138,11:36:51,disgust
3139,11:36:54,disgust
3140,11:36:57,disgust
3141,11:37:00,disgust
3142,11:37:03,disgust
3143,11:37:06,disgust
3144,11:37:09,disgust
3145,11:37:12,disgust
3146,11:37:15,disgust
3147,11:37:18,disgust
3148,11:37:21,disgust
3149,11:37:24,disgust
3150,11:37:27,disgust
3151,11:37:30,disgust
3152,11:37:33,disgust
3153,11:37:36,disgust
3154,11:37:39,disgust
3155,11:37:42,disgust
3156,11:37:45,disgust
3157,11:37:48,disgust
3158,11:37:51,disgust
3159,11:37:54,disgust
3160,11:37:57,disgust
3161,11:38:00,disgust
3162,11:38:03,disgust
3163,11:38:06,disgust
3164,11:38:09,disgust
3165,11:38:12,disgust
3166,11:38:15,disgust
3167,11:38:18,disgust
3168,11:38:21,disgust
3169,11:38:24,disgust
3170,11:38:27,disgust
3171,11:38:30,disgust
3172,11:38:33,disgust
3173,11:38:36,disgust
3174,11:38:39,disgust
3175,11:38:42,disgust
3176,11:38:45,disgust
3177,11:38:48,disgust
3178,11:38:51,disgust
3179,11:38:54,disgust
3180,11:38:57,disgust
3181,11:39:00,disgust
3182,11:39:03,disgust
3183,11:39:06,disgust
3184,11:39:09,disgust
3185,11:39:12,disgust
3186,11:39:15,disgust
3187,11:39:18,disgust
3188,11:39:21,disgust
3189,11:39:24,disgust
3190,11:39:27,disgust
3191,11:39:30,disgust
3192,11:39:33,disgust
3193,11:39:36,disgust
3194,11:39:39,disgust
3195,11:39:42,disgust
3196,11:39:45,disgust
3197,11:39:48,disgust
3198,11:39:51,disgust
3199,11:39:54,disgust
3200,11:39:57,disgust
3201,11:40:00,fear
3202,11:40:03,fear
3203,11:40:06,fear
3204,11:40:09,fear
3205,11:40:12,fear
3206,11:40:15,fear
3207,11:40:18,fear
3208,11:40:21,fear
3209,11:40:24,fear
3210,11:40:27,fear
3211,11:40:30,fear
3212,11:40:33,fear
3213,11:40:36,fear
3214,11:40:39,fear
3215,11:40:42,fear
3216,11:40:45,fear
3217,11:40:48,fear
3218,11:40:51,fear
3219,11:40:54,fear
3220,11:40:57,fear
3221,11:41:00,fear
3222,11:41:03,fear
3223,11:41:06,fear
3224,11:41:09,fear
3225,11:41:12,fear
3226,11:41:15,fear
3227,11:41:18,fear
3228,11:41:21,fear
3229,11:41:24,fear
3230,11:41:27,fear
3231,11:41:30,fear
3232,11:41:33,fear
3233,11:41:36,fear
3234,11:41:39,fear
3235,11:41:42,fear
3236,11:41:45,fear
3237,11:41:48,fear
3238,11:41:51,fear
3239,11:41:54,fear
3240,11:41:57,fear
3241,11:42:00,fear
3242,11:42:03,fear
3243,11:42:06,fear
3244,11:42:09,fear
3245,11:42:12,fear
3246,11:42:15,fear
3247,11:42:18,fear
3248,11:42:21,fear
3249,11:42:24,fear
3250,11:42:27,fear
3251,11:42:30,fear
3252,11:42:33,fear
3253,11:42:36,fear
3254,11:42:39,fear
3255,11:42:42,fear
3256,11:42:45,fear
3257,11:42:48,fear
3258,11:42:51,fear
3259,11:42:54,fear
3260,11:42:57,fear
3261,11:43:00,fear
3262,11:43:03,fear
3263,11:43:06,fear
3264,11:43:09,fear
3265,11:43:12,fear
3266,11:43:15,fear
3267,11:43:18,fear
3268,11:43:21,fear
3269,11:43:24,fear
3270,11:43:27,fear
3271,11:43:30,fear
3272,11:43:33,fear
3273,11:43:36,fear
3274,11:43:39,fear
3275,11:43:42,fear
3276,11:43:45,fear
3277,11:43:48,fear
3278,11:43:51,fear
3279,11:43:54,fear
3280,11:43:57,fear
3281,11:44:00,fear
3282,11:44:03,fear
3283,11:44:06,fear
3284,11:44:09,fear
3285,11:44:12,fear
3286,11:44:15,fear
3287,11:44:18,fear
3288,11:44:21,fear
3289,11:44:24,fear
3290,11:44:27,fear
3291,11:44:30,fear
3292,11:44:33,fear
3293,11:44:36,fear
3294,11:44:39,fear
3295,11:44:42,fear
3296,11:44:45,fear
3297,11:44:48,fear
3298,11:44:51,fear
3299,11:44:54,fear
3300,11:44:57,fear
3301,11:45:00,fear
3302,11:45:03,fear
3303,11:45:06,fear
3304,11:45:09,fear
3305,11:45:12,fear
3306,11:45:15,fear
3307,11:45:18,fear
3308,11:45:21,fear
3309,11:45:24,fear
3310,11:45:27,fear
3311,11:45:30,fear
3312,11:45:33,fear
3313,11:45:36,fear
3314,11:45:39,fear
3315,11:45:42,fear
3316,11:45:45,fear
3317,11:45:48,fear
3318,11:45:51,fear
3319,11:45:54,fear
3320,11:45:57,fear
3321,11:46:00,fear
3322,11:46:03,fear
3323,11:46:06,fear
3324,11:46:09,fear
3325,11:46:12,fear
3326,11:46:15,fear
3327,11:46:18,fear
3328,11:46:21,fear
3329,11:46:24,fear
3330,11:46:27,fear
3331,11:46:30,fear
3332,11:46:33,fear
3333,11:46:36,fear
3334,11:46:39,fear
3335,11:46:42,fear
3336,11:46:45,fear
3337,11:46:48,fear
3338,11:46:51,fear
3339,11:46:54,fear
3340,11:46:57,fear
3341,11:47:00,fear
3342,11:47:03,fear
3343,11:47:06,fear
3344,11:47:09,fear
3345,11:47:12,fear
3346,11:47:15,fear
3347,11:47:18,fear
3348,11:47:21,fear
3349,11:47:24,fear
3350,11:47:27,fear
3351,11:47:30,fear
3352,11:47:33,fear
3353,11:47:36,fear
3354,11:47:39,fear
3355,11:47:42,fear
3356,11:47:45,fear
3357,11:47:48,fear
3358,11:47:51,fear
3359,11:47:54,fear
3360,11:47:57,fear
3361,11:48:00,fear
3362,11:48:03,fear
3363,11:48:06,fear
3364,11:48:09,fear
3365,11:48:12,fear
3366,11:48:15,fear
3367,11:48:18,fear
3368,11:48:21,fear
3369,11:48:24,fear
3370,11:48:27,fear
3371,11:48:30,fear
3372,11:48:33,fear
3373,11:48:36,fear
3374,11:48:39,fear
3375,11:48:42,fear
3376,11:48:45,fear
3377,11:48:48,fear
3378,11:48:51,fear
3379,11:48:54,fear
3380,11:48:57,fear
3381,11:49:00,fear
3382,11:49:03,fear
3383,11:49:06,fear
3384,11:49:09,fear
3385,11:49:12,fear
3386,11:49:15,fear
3387,11:49:18,fear
3388,11:49:21,fear
3389,11:49:24,fear
3390,11:49:27,fear
3391,11:49:30,fear
3392,11:49:33,fear
3393,11:49:36,fear
3394,11:49:39,fear
3395,11:49:42,fear
3396,11:49:45,fear
3397,11:49:48,fear
3398,11:49:51,fear
3399,11:49:54,fear
3400,11:49:57,fear
3401,11:50:00,happy
3402,11:50:03,happy
3403,11:50:06,happy
3404,11:50:09,happy
3405,11:50:12,happy
3406,11:50:15,happy
3407,11:50:18,happy
3408,11:50:21,happy
3409,11:50:24,happy
3410,11:50:27,happy
3411,11:50:30,happy
3412,11:50:33,happy
3413,11:50:36,happy
3414,11:50:39,happy
3415,11:50:42,happy
3416,11:50:45,happy
3417,11:50:48,happy
3418,11:50:51,happy
3419,11:50:54,happy
3420,11:50:57,happy
3421,11:51:00,happy
3422,11:51:03,happy
3423,11:51:06,happy
3424,11:51:09,happy
3425,11:51:12,happy
3426,11:51:15,happy
3427,11:51:18,happy
3428,11:51:21,happy
3429,11:51:24,happy
3430,11:51:27,happy
3431,11:51:30,happy
3432,11:51:33,happy
3433,11:51:36,happy
3434,11:51:39,happy
3435,11:51:42,happy
3436,11:51:45,happy
3437,11:51:48,happy
3438,11:51:51,happy
3439,11:51:54,happy
3440,11:51:57,happy
3441,11:52:00,happy
3442,11:52:03,happy
3443,11:52:06,happy
3444,11:52:09,happy
3445,11:52:12,happy
3446,11:52:15,happy
3447,11:52:18,happy
3448,11:52:21,happy
3449,11:52:24,happy
3450,11:52:27,happy
3451,11:52:30,happy
3452,11:52:33,happy
3453,11:52:36,happy
3454,11:52:39,happy
3455,11:52:42,happy
3456,11:52:45,happy
3457,11:52:48,happy
3458,11:52:51,happy
3459,11:52:54,happy
3460,11:52:57,happy
3461,11:53:00,happy
3462,11:53:03,happy
3463,11:53:06,happy
3464,11:53:09,happy
3465,11:53:12,happy
3466,11:53:15,happy
3467,11:53:18,happy
3468,11:53:21,happy
3469,11:53:24,happy
3470,11:53:27,happy
3471,11:53:30,happy
3472,11:53:33,happy
3473,11:53:36,happy
3474,11:53:39,happy
3475,11:53:42,happy
3476,11:53:45,happy
3477,11:53:48,happy
3478,11:53:51,happy
3479,11:53:54,happy
3480,11:53:57,happy
3481,11:54:00,happy
3482,11:54:03,happy
3483,11:54:06,happy
3484,11:54:09,happy
3485,11:54:12,happy
3486,11:54:15,happy
3487,11:54:18,happy
3488,11:54:21,happy
3489,11:54:24,happy
3490,11:54:27,happy
3491,11:54:30,happy
3492,11:54:33,happy
3493,11:54:36,happy
3494,11:54:39,happy
3495,11:54:42,happy
3496,11:54:45,happy
3497,11:54:48,happy
3498,11:54:51,happy
3499,11:54:54,happy
3500,11:54:57,happy
3501,11:55:00,happy
3502,11:55:03,happy
3503,11:55:06,happy
3504,11:55:09,happy
3505,11:55:12,happy
3506,11:55:15,happy
3507,11:55:18,happy
3508,11:55:21,happy
3509,11:55:24,happy
3510,11:55:27,happy
3511,11:55:30,happy
3512,11:55:33,happy
3513,11:55:36,happy
3514,11:55:39,happy
3515,11:55:42,happy
3516,11:55:45,happy
3517,11:55:48,happy
3518,11:55:51,happy
3519,11:55:54,happy
3520,11:55:57,happy
3521,11:56:00,happy
3522,11:56:03,happy
3523,11:56:06,happy
3524,11:56:09,happy
3525,11:56:12,happy
3526,11:56:15,happy
3527,11:56:18,happy
3528,11:56:21,happy
3529,11:56:24,happy
3530,11:56:27,happy
3531,11:56:30,happy
3532,11:56:33,happy
3533,11:56:36,happy
3534,11:56:39,happy
3535,11:56:42,happy
3536,11:56:45,happy
3537,11:56:48,happy
3538,11:56:51,happy
3539,11:56:54,happy
3540,11:56:57,happy
3541,11:57:00,happy
3542,11:57:03,happy
3543,11:57:06,happy
3544,11:57:09,happy
3545,11:57:12,happy
3546,11:57:15,happy
3547,11:57:18,happy
3548,11:57:21,happy
3549,11:57:24,happy
3550,11:57:27,happy
3551,11:57:30,happy
3552,11:57:33,happy
3553,11:57:36,happy
3554,11:57:39,happy
3555,11:57:42,happy
3556,11:57:45,happy
3557,11:57:48,happy
3558,11:57:51,happy
3559,11:57:54,happy
3560,11:57:57,happy
3561,11:58:00,happy
3562,11:58:03,happy
3563,11:58:06,happy
3564,11:58:09,happy
3565,11:58:12,happy
3566,11:58:15,happy
3567,11:58:18,happy
3568,11:58:21,happy
3569,11:58:24,happy
3570,11:58:27,happy
3571,11:58:30,happy
3572,11:58:33,happy
3573,11:58:36,happy
3574,11:58:39,happy
3575,11:58:42,happy
3576,11:58:45,happy
3577,11:58:48,happy
3578,11:58:51,happy
3579,11:58:54,happy
3580,11:58:57,happy
3581,11:59:00,happy
3582,11:59:03,happy
3583,11:59:06,happy
3584,11:59:09,happy
3585,11:59:12,happy
3586,11:59:15,happy
3587,11:59:18,happy
3588,11:59:21,happy
3589,11:59:24,happy
3590,11:59:27,happy
3591,11:59:30,happy
3592,11:59:33,happy
3593,11:59:36,happy
3594,11:59:39,happy
3595,11:59:42,happy
3596,11:59:45,happy
3597,11:59:48,happy
3598,11:59:51,happy
3599,11:59:54,happy
3600,11:59:57,happy
3601,12:00:00,neutral
3602,12:00:03,neutral
3603,12:00:06,neutral
3604,12:00:09,neutral
3605,12:00:12,neutral
3606,12:00:15,neutral
3607,12:00:18,neutral
3608,12:00:21,neutral
3609,12:00:24,neutral
3610,12:00:27,neutral
3611,12:00:30,neutral
3612,12:00:33,neutral
3613,12:00:36,neutral
3614,12:00:39,neutral
3615,12:00:42,neutral
3616,12:00:45,neutral
3617,12:00:48,neutral
3618,12:00:51,neutral
3619,12:00:54,neutral
3620,12:00:57,neutral
3621,12:01:00,neutral
3622,12:01:03,neutral
3623,12:01:06,neutral
3624,12:01:09,neutral
3625,12:01:12,neutral
3626,12:01:15,neutral
3627,12:01:18,neutral
3628,12:01:21,neutral
3629,12:01:24,neutral
3630,12:01:27,neutral
3631,12:01:30,neutral
3632,12:01:33,neutral
3633,12:01:36,neutral
3634,12:01:39,neutral
3635,12:01:42,neutral
3636,12:01:45,neutral
3637,12:01:48,neutral
3638,12:01:51,neutral
3639,12:01:54,neutral
3640,12:01:57,neutral
3641,12:02:00,neutral
3642,12:02:03,neutral
3643,12:02:06,neutral
3644,12:02:09,neutral
3645,12:02:12,neutral
3646,12:02:15,neutral
3647,12:02:18,neutral
3648,12:02:21,neutral
3649,12:02:24,neutral
3650,12:02:27,neutral
3651,12:02:30,neutral
3652,12:02:33,neutral
3653,12:02:36,neutral
3654,12:02:39,neutral
3655,12:02:42,neutral
3656,12:02:45,neutral
3657,12:02:48,neutral
3658,12:02:51,neutral
3659,12:02:54,neutral
3660,12:02:57,neutral
3661,12:03:00,neutral
3662,12:03:03,neutral
3663,12:03:06,neutral
3664,12:03:09,neutral
3665,12:03:12,neutral
3666,12:03:15,neutral
3667,12:03:18,neutral
3668,12:03:21,neutral
3669,12:03:24,neutral
3670,12:03:27,neutral
3671,12:03:30,neutral
3672,12:03:33,neutral
3673,12:03:36,neutral
3674,12:03:39,neutral
3675,12:03:42,neutral
3676,12:03:45,neutral
3677,12:03:48,neutral
3678,12:03:51,neutral
3679,12:03:54,neutral
3680,12:03:57,neutral
3681,12:04:00,neutral
3682,12:04:03,neutral
3683,12:04:06,neutral
3684,12:04:09,neutral
3685,12:04:12,neutral
3686,12:04:15,neutral
3687,12:04:18,neutral
3688,12:04:21,neutral
3689,12:04:24,neutral
3690,12:04:27,neutral
3691,12:04:30,neutral
3692,12:04:33,neutral
3693,12:04:36,neutral
3694,12:04:39,neutral
3695,12:04:42,neutral
3696,12:04:45,neutral
3697,12:04:48,neutral
3698,12:04:51,neutral
3699,12:04:54,neutral
3700,12:04:57,neutral
3701,12:05:00,neutral
3702,12:05:03,neutral
3703,12:05:06,neutral
3704,12:05:09,neutral
3705,12:05:12,neutral
3706,12:05:15,neutral
3707,12:05:18,neutral
3708,12:05:21,neutral
3709,12:05:24,neutral
3710,12:05:27,neutral
3711,12:05:30,neutral
3712,12:05:33,neutral
3713,12:05:36,neutral
3714,12:05:39,neutral
3715,12:05:42,neutral
3716,12:05:45,neutral
3717,12:05:48,neutral
3718,12:05:51,neutral
3719,12:05:54,neutral
3720,12:05:57,neutral
3721,12:06:00,neutral
3722,12:06:03,neutral
3723,12:06:06,neutral
3724,12:06:09,neutral
3725,12:06:12,neutral
3726,12:06:15,neutral
3727,12:06:18,neutral
3728,12:06:21,neutral
3729,12:06:24,neutral
3730,12:06:27,neutral
3731,12:06:30,neutral
3732,12:06:33,neutral
3733,12:06:36,neutral
3734,12:06:39,neutral
3735,12:06:42,neutral
3736,12:06:45,neutral
3737,12:06:48,neutral
3738,12:06:51,neutral
3739,12:06:54,neutral
3740,12:06:57,neutral
3741,12:07:00,neutral
3742,12:07:03,neutral
3743,12:07:06,neutral
3744,12:07:09,neutral
3745,12:07:12,neutral
3746,12:07:15,neutral
3747,12:07:18,neutral
3748,12:07:21,neutral
3749,12:07:24,neutral
3750,12:07:27,neutral
3751,12:07:30,neutral
3752,12:07:33,neutral
3753,12:07:36,neutral
3754,12:07:39,neutral
3755,12:07:42,neutral
3756,12:07:45,neutral
3757,12:07:48,neutral
3758,12:07:51,neutral
3759,12:07:54,neutral
3760,12:07:57,neutral
3761,12:08:00,neutral
3762,12:08:03,neutral
3763,12:08:06,neutral
3764,12:08:09,neutral
3765,12:08:12,neutral
3766,12:08:15,neutral
3767,12:08:18,neutral
3768,12:08:21,neutral
3769,12:08:24,neutral
3770,12:08:27,neutral
3771,12:08:30,neutral
3772,12:08:33,neutral
3773,12:08:36,neutral
3774,12:08:39,neutral
3775,12:08:42,neutral
3776,12:08:45,neutral
3777,12:08:48,neutral
3778,12:08:51,neutral
3779,12:08:54,neutral
3780,12:08:57,neutral
3781,12:09:00,neutral
3782,12:09:03,neutral
3783,12:09:06,neutral
3784,12:09:09,neutral
3785,12:09:12,neutral
3786,12:09:15,neutral
3787,12:09:18,neutral
3788,12:09:21,neutral
3789,12:09:24,neutral
3790,12:09:27,neutral
3791,12:09:30,neutral
3792,12:09:33,neutral
3793,12:09:36,neutral
3794,12:09:39,neutral
3795,12:09:42,neutral
3796,12:09:45,neutral
3797,12:09:48,neutral
3798,12:09:51,neutral
3799,12:09:54,neutral
3800,12:09:57,neutral
3801,12:10:00,surprised
3802,12:10:03,surprised
3803,12:10:06,surprised
3804,12:10:09,surprised
3805,12:10:12,surprised
3806,12:10:15,surprised
3807,12:10:18,surprised
3808,12:10:21,surprised
3809,12:10:24,surprised
3810,12:10:27,surprised
3811,12:10:30,surprised
3812,12:10:33,surprised
3813,12:10:36,surprised
3814,12:10:39,surprised
3815,12:10:42,surprised
3816,12:10:45,surprised
3817,12:10:48,surprised
3818,12:10:51,surprised
3819,12:10:54,surprised
3820,12:10:57,surprised
3821,12:11:00,surprised
3822,12:11:03,surprised
3823,12:11:06,surprised
3824,12:11:09,surprised
3825,12:11:12,surprised
3826,12:11:15,surprised
3827,12:11:18,surprised
3828,12:11:21,surprised
3829,12:11:24,surprised
3830,12:11:27,surprised
3831,12:11:30,surprised
3832,12:11:33,surprised
3833,12:11:36,surprised
3834,12:11:39,surprised
3835,12:11:42,surprised
3836,12:11:45,surprised
3837,12:11:48,surprised
3838,12:11:51,surprised
3839,12:11:54,surprised
3840,12:11:57,surprised
3841,12:12:00,surprised
3842,12:12:03,surprised
3843,12:12:06,surprised
3844,12:12:09,surprised
3845,12:12:12,surprised
3846,12:12:15,surprised
3847,12:12:18,surprised
3848,12:12:21,surprised
3849,12:12:24,surprised
3850,12:12:27,surprised
3851,12:12:30,surprised
3852,12:12:33,surprised
3853,12:12:36,surprised
3854,12:12:39,surprised
3855,12:12:42,surprised
3856,12:12:45,surprised
3857,12:12:48,surprised
3858,12:12:51,surprised
3859,12:12:54,surprised
3860,12:12:57,surprised
3861,12:13:00,surprised
3862,12:13:03,surprised
3863,12:13:06,surprised
3864,12:13:09,surprised
3865,12:13:12,surprised
3866,12:13:15,surprised
3867,12:13:18,surprised
3868,12:13:21,surprised
3869,12:13:24,surprised
3870,12:13:27,surprised
3871,12:13:30,surprised
3872,12:13:33,surprised
3873,12:13:36,surprised
3874,12:13:39,surprised
3875,12:13:42,surprised
3876,12:13:45,surprised
3877,12:13:48,surprised
3878,12:13:51,surprised
3879,12:13:54,surprised
3880,12:13:57,surprised
3881,12:14:00,surprised
3882,12:14:03,surprised
3883,12:14:06,surprised
3884,12:14:09,surprised
3885,12:14:12,surprised
3886,12:14:15,surprised
3887,12:14:18,surprised
3888,12:14:21,surprised
3889,12:14:24,surprised
3890,12:14:27,surprised
3891,12:14:30,surprised
3892,12:14:33,surprised
3893,12:14:36,surprised
3894,12:14:39,surprised
3895,12:14:42,surprised
3896,12:14:45,surprised
3897,12:14:48,surprised
3898,12:14:51,surprised
3899,12:14:54,surprised
3900,12:14:57,surprised
3901,12:15:00,surprised
3902,12:15:03,surprised
3903,12:15:06,surprised
3904,12:15:09,surprised
3905,12:15:12,surprised
3906,12:15:15,surprised
3907,12:15:18,surprised
3908,12:15:21,surprised
3909,12:15:24,surprised
3910,12:15:27,surprised
3911,12:15:30,surprised
3912,12:15:33,surprised
3913,12:15:36,surprised
3914,12:15:39,surprised
3915,12:15:42,surprised
3916,12:15:45,surprised
3917,12:15:48,surprised
3918,12:15:51,surprised
3919,12:15:54,surprised
3920,12:15:57,surprised
3921,12:16:00,surprised
3922,12:16:03,surprised
3923,12:16:06,surprised
3924,12:16:09,surprised
3925,12:16:12,surprised
3926,12:16:15,surprised
3927,12:16:18,surprised
3928,12:16:21,surprised
3929,12:16:24,surprised
3930,12:16:27,surprised
3931,12:16:30,surprised
3932,12:16:33,surprised
3933,12:16:36,surprised
3934,12:16:39,surprised
3935,12:16:42,surprised
3936,12:16:45,surprised
3937,12:16:48,surprised
3938,12:16:51,surprised
3939,12:16:54,surprised
3940,12:16:57,surprised
3941,12:17:00,surprised
3942,12:17:03,surprised
3943,12:17:06,surprised
3944,12:17:09,surprised
3945,12:17:12,surprised
3946,12:17:15,surprised
3947,12:17:18,surprised
3948,12:17:21,surprised
3949,12:17:24,surprised
3950,12:17:27,surprised
3951,12:17:30,surprised
3952,12:17:33,surprised
3953,12:17:36,surprised
3954,12:17:39,surprised
3955,12:17:42,surprised
3956,12:17:45,surprised
3957,12:17:48,surprised
3958,12:17:51,surprised
3959,12:17:54,surprised
3960,12:17:57,surprised
3961,12:18:00,surprised
3962,12:18:03,surprised
3963,12:18:06,surprised
3964,12:18:09,surprised
3965,12:18:12,surprised
3966,12:18:15,surprised
3967,12:18:18,surprised
3968,12:18:21,surprised
3969,12:18:24,surprised
3970,12:18:27,surprised
3971,12:18:30,surprised
3972,12:18:33,surprised
3973,12:18:36,surprised
3974,12:18:39,surprised
3975,12:18:42,surprised
3976,12:18:45,surprised
3977,12:18:48,surprised
3978,12:18:51,surprised
3979,12:18:54,surprised
3980,12:18:57,surprised
3981,12:19:00,surprised
3982,12:19:03,surprised
3983,12:19:06,surprised
3984,12:19:09,surprised
3985,12:19:12,surprised
3986,12:19:15,surprised
3987,12:19:18,surprised
3988,12:19:21,surprised
3989,12:19:24,surprised
3990,12:19:27,surprised
3991,12:19:30,surprised
3992,12:19:33,surprised
3993,12:19:36,surprised
3994,12:19:39,surprised
3995,12:19:42,surprised
3996,12:19:45,surprised
3997,12:19:48,surprised
3998,12:19:51,surprised
3999,12:19:54,surprised
4000,12:19:57,surprised
4001,12:20:00,sad
4002,12:20:03,sad
4003,12:20:06,sad
4004,12:20:09,sad
4005,12:20:12,sad
4006,12:20:15,sad
4007,12:20:18,sad
4008,12:20:21,sad
4009,12:20:24,sad
4010,12:20:27,sad
4011,12:20:30,sad
4012,12:20:33,sad
4013,12:20:36,sad
4014,12:20:39,sad
4015,12:20:42,sad
4016,12:20:45,sad
4017,12:20:48,sad
4018,12:20:51,sad
4019,12:20:54,sad
4020,12:20:57,sad
4021,12:21:00,sad
4022,12:21:03,sad
4023,12:21:06,sad
4024,12:21:09,sad
4025,12:21:12,sad
4026,12:21:15,sad
4027,12:21:18,sad
4028,12:21:21,sad
4029,12:21:24,sad
4030,12:21:27,sad
4031,12:21:30,sad
4032,12:21:33,sad
4033,12:21:36,sad
4034,12:21:39,sad
4035,12:21:42,sad
4036,12:21:45,sad
4037,12:21:48,sad
4038,12:21:51,sad
4039,12:21:54,sad
4040,12:21:57,sad
4041,12:22:00,sad
4042,12:22:03,sad
4043,12:22:06,sad
4044,12:22:09,sad
4045,12:22:12,sad
4046,12:22:15,sad
4047,12:22:18,sad
4048,12:22:21,sad
4049,12:22:24,sad
4050,12:22:27,sad
4051,12:22:30,sad
4052,12:22:33,sad
4053,12:22:36,sad
4054,12:22:39,sad
4055,12:22:42,sad
4056,12:22:45,sad
4057,12:22:48,sad
4058,12:22:51,sad
4059,12:22:54,sad
4060,12:22:57,sad
4061,12:23:00,sad
4062,12:23:03,sad
4063,12:23:06,sad
4064,12:23:09,sad
4065,12:23:12,sad
4066,12:23:15,sad
4067,12:23:18,sad
4068,12:23:21,sad
4069,12:23:24,sad
4070,12:23:27,sad
4071,12:23:30,sad
4072,12:23:33,sad
4073,12:23:36,sad
4074,12:23:39,sad
4075,12:23:42,sad
4076,12:23:45,sad
4077,12:23:48,sad
4078,12:23:51,sad
4079,12:23:54,sad
4080,12:23:57,sad
4081,12:24:00,sad
4082,12:24:03,sad
4083,12:24:06,sad
4084,12:24:09,sad
4085,12:24:12,sad
4086,12:24:15,sad
4087,12:24:18,sad
4088,12:24:21,sad
4089,12:24:24,sad
4090,12:24:27,sad
4091,12:24:30,sad
4092,12:24:33,sad
4093,12:24:36,sad
4094,12:24:39,sad
4095,12:24:42,sad
4096,12:24:45,sad
4097,12:24:48,sad
4098,12:24:51,sad
4099,12:24:54,sad
4100,12:24:57,sad
4101,12:25:00,sad
4102,12:25:03,sad
4103,12:25:06,sad
4104,12:25:09,sad
4105,12:25:12,sad
4106,12:25:15,sad
4107,12:25:18,sad
4108,12:25:21,sad
4109,12:25:24,sad
4110,12:25:27,sad
4111,12:25:30,sad
4112,12:25:33,sad
4113,12:25:36,sad
4114,12:25:39,sad
4115,12:25:42,sad
4116,12:25:45,sad
4117,12:25:48,sad
4118,12:25:51,sad
4119,12:25:54,sad
4120,12:25:57,sad
4121,12:26:00,sad
4122,12:26:03,sad
4123,12:26:06,sad
4124,12:26:09,sad
4125,12:26:12,sad
4126,12:26:15,sad
4127,12:26:18,sad
4128,12:26:21,sad
4129,12:26:24,sad
4130,12:26:27,sad
4131,12:26:30,sad
4132,12:26:33,sad
4133,12:26:36,sad
4134,12:26:39,sad
4135,12:26:42,sad
4136,12:26:45,sad
4137,12:26:48,sad
4138,12:26:51,sad
4139,12:26:54,sad
4140,12:26:57,sad
4141,12:27:00,sad
4142,12:27:03,sad
4143,12:27:06,sad
4144,12:27:09,sad
4145,12:27:12,sad
4146,12:27:15,sad
4147,12:27:18,sad
4148,12:27:21,sad
4149,12:27:24,sad
4150,12:27:27,sad
4151,12:27:30,sad
4152,12:27:33,sad
4153,12:27:36,sad
4154,12:27:39,sad
4155,12:27:42,sad
4156,12:27:45,sad
4157,12:27:48,sad
4158,12:27:51,sad
4159,12:27:54,sad
4160,12:27:57,sad
4161,12:28:00,sad
4162,12:28:03,sad
4163,12:28:06,sad
4164,12:28:09,sad
4165,12:28:12,sad
4166,12:28:15,sad
4167,12:28:18,sad
4168,12:28:21,sad
4169,12:28:24,sad
4170,12:28:27,sad
4171,12:28:30,sad
4172,12:28:33,sad
4173,12:28:36,sad
4174,12:28:39,sad
4175,12:28:42,sad
4176,12:28:45,sad
4177,12:28:48,sad
4178,12:28:51,sad
4179,12:28:54,sad
4180,12:28:57,sad
4181,12:29:00,sad
4182,12:29:03,sad
4183,12:29:06,sad
4184,12:29:09,sad
4185,12:29:12,sad
4186,12:29:15,sad
4187,12:29:18,sad
4188,12:29:21,sad
4189,12:29:24,sad
4190,12:29:27,sad
4191,12:29:30,sad
4192,12:29:33,sad
4193,12:29:36,sad
4194,12:29:39,sad
4195,12:29:42,sad
4196,12:29:45,sad
4197,12:29:48,sad
4198,12:29:51,sad
4199,12:29:54,sad
4200,12:29:57,sad
4201,12:30:00,angry
4202,12:30:03,angry
4203,12:30:06,angry
4204,12:30:09,angry
4205,12:30:12,angry
4206,12:30:15,angry
4207,12:30:18,angry
4208,12:30:21,angry
4209,12:30:24,angry
4210,12:30:27,angry
4211,12:30:30,angry
4212,12:30:33,angry
4213,12:30:36,angry
4214,12:30:39,angry
4215,12:30:42,angry
4216,12:30:45,angry
4217,12:30:48,angry
4218,12:30:51,angry
4219,12:30:54,angry
4220,12:30:57,angry
4221,12:31:00,angry
4222,12:31:03,angry
4223,12:31:06,angry
4224,12:31:09,angry
4225,12:31:12,angry
4226,12:31:15,angry
4227,12:31:18,angry
4228,12:31:21,angry
4229,12:31:24,angry
4230,12:31:27,angry
4231,12:31:30,angry
4232,12:31:33,angry
4233,12:31:36,angry
4234,12:31:39,angry
4235,12:31:42,angry
4236,12:31:45,angry
4237,12:31:48,angry
4238,12:31:51,angry
4239,12:31:54,angry
4240,12:31:57,angry
4241,12:32:00,angry
4242,12:32:03,angry
4243,12:32:06,angry
4244,12:32:09,angry
4245,12:32:12,angry
4246,12:32:15,angry
4247,12:32:18,angry
4248,12:32:21,angry
4249,12:32:24,angry
4250,12:32:27,angry
4251,12:32:30,angry
4252,12:32:33,angry
4253,12:32:36,angry
4254,12:32:39,angry
4255,12:32:42,angry
4256,12:32:45,angry
4257,12:32:48,angry
4258,12:32:51,angry
4259,12:32:54,angry
4260,12:32:57,angry
4261,12:33:00,angry
4262,12:33:03,angry
4263,12:33:06,angry
4264,12:33:09,angry
4265,12:33:12,angry
4266,12:33:15,angry
4267,12:33:18,angry
4268,12:33:21,angry
4269,12:33:24,angry
4270,12:33:27,angry
4271,12:33:30,angry
4272,12:33:33,angry
4273,12:33:36,angry
4274,12:33:39,angry
4275,12:33:42,angry
4276,12:33:45,angry
4277,12:33:48,angry
4278,12:33:51,angry
4279,12:33:54,angry
4280,12:33:57,angry
4281,12:34:00,angry
4282,12:34:03,angry
4283,12:34:06,angry
4284,12:34:09,angry
4285,12:34:12,angry
4286,12:34:15,angry
4287,12:34:18,angry
4288,12:34:21,angry
4289,12:34:24,angry
4290,12:34:27,angry
4291,12:34:30,angry
4292,12:34:33,angry
4293,12:34:36,angry
4294,12:34:39,angry
4295,12:34:42,angry
4296,12:34:45,angry
4297,12:34:48,angry
4298,12:34:51,angry
4299,12:34:54,angry
4300,12:34:57,angry
4301,12:35:00,angry
4302,12:35:03,angry
4303,12:35:06,angry
4304,12:35:09,angry
4305,12:35:12,angry
4306,12:35:15,angry
4307,12:35:18,angry
4308,12:35:21,angry
4309,12:35:24,angry
4310,12:35:27,angry
4311,12:35:30,angry
4312,12:35:33,angry
4313,12:35:36,angry
4314,12:35:39,angry
4315,12:35:42,angry
4316,12:35:45,angry
4317,12:35:48,angry
4318,12:35:51,angry
4319,12:35:54,angry
4320,12:35:57,angry
4321,12:36:00,angry
4322,12:36:03,angry
4323,12:36:06,angry
4324,12:36:09,angry
4325,12:36:12,angry
4326,12:36:15,angry
4327,12:36:18,angry
4328,12:36:21,angry
4329,12:36:24,angry
4330,12:36:27,angry
4331,12:36:30,angry
4332,12:36:33,angry
4333,12:36:36,angry
4334,12:36:39,angry
4335,12:36:42,angry
4336,12:36:45,angry
4337,12:36:48,angry
4338,12:36:51,angry
4339,12:36:54,angry
4340,12:36:57,angry
4341,12:37:00,angry
4342,12:37:03,angry
4343,12:37:06,angry
4344,12:37:09,angry
4345,12:37:12,angry
4346,12:37:15,angry
4347,12:37:18,angry
4348,12:37:21,angry
4349,12:37:24,angry
4350,12:37:27,angry
4351,12:37:30,angry
4352,12:37:33,angry
4353,12:37:36,angry
4354,12:37:39,angry
4355,12:37:42,angry
4356,12:37:45,angry
4357,12:37:48,angry
4358,12:37:51,angry
4359,12:37:54,angry
4360,12:37:57,angry
4361,12:38:00,angry
4362,12:38:03,angry
4363,12:38:06,angry
4364,12:38:09,angry
4365,12:38:12,angry
4366,12:38:15,angry
4367,12:38:18,angry
4368,12:38:21,angry
4369,12:38:24,angry
4370,12:38:27,angry
4371,12:38:30,angry
4372,12:38:33,angry
4373,12:38:36,angry
4374,12:38:39,angry
4375,12:38:42,angry
4376,12:38:45,angry
4377,12:38:48,angry
4378,12:38:51,angry
4379,12:38:54,angry
4380,12:38:57,angry
4381,12:39:00,angry
4382,12:39:03,angry
4383,12:39:06,angry
4384,12:39:09,angry
4385,12:39:12,angry
4386,12:39:15,angry
4387,12:39:18,angry
4388,12:39:21,angry
4389,12:39:24,angry
4390,12:39:27,angry
4391,12:39:30,angry
4392,12:39:33,angry
4393,12:39:36,angry
4394,12:39:39,angry
4395,12:39:42,angry
4396,12:39:45,angry
4397,12:39:48,angry
4398,12:39:51,angry
4399,12:39:54,angry
4400,12:39:57,angry
4401,12:40:00,disgust
4402,12:40:03,disgust
4403,12:40:06,disgust
4404,12:40:09,disgust
4405,12:40:12,disgust
4406,12:40:15,disgust
4407,12:40:18,disgust
4408,12:40:21,disgust
4409,12:40:24,disgust
4410,12:40:27,disgust
4411,12:40:30,disgust
4412,12:40:33,disgust
4413,12:40:36,disgust
4414,12:40:39,disgust
4415,12:40:42,disgust
4416,12:40:45,disgust
4417,12:40:48,disgust
4418,12:40:51,disgust
4419,12:40:54,disgust
4420,12:40:57,disgust
4421,12:41:00,disgust
4422,12:41:03,disgust
4423,12:41:06,disgust
4424,12:41:09,disgust
4425,12:41:12,disgust
4426,12:41:15,disgust
4427,12:41:18,disgust
4428,12:41:21,disgust
4429,12:41:24,disgust
4430,12:41:27,disgust
4431,12:41:30,disgust
4432,12:41:33,disgust
4433,12:41:36,disgust
4434,12:41:39,disgust
4435,12:41:42,disgust
4436,12:41:45,disgust
4437,12:41:48,disgust
4438,12:41:51,disgust
4439,12:41:54,disgust
4440,12:41:57,disgust
4441,12:42:00,disgust
4442,12:42:03,disgust
4443,12:42:06,disgust
4444,12:42:09,disgust
4445,12:42:12,disgust
4446,12:42:15,disgust
4447,12:42:18,disgust
4448,12:42:21,disgust
4449,12:42:24,disgust
4450,12:42:27,disgust
4451,12:42:30,disgust
4452,12:42:33,disgust
4453,12:42:36,disgust
4454,12:42:39,disgust
4455,12:42:42,disgust
4456,12:42:45,disgust
4457,12:42:48,disgust
4458,12:42:51,disgust
4459,12:42:54,disgust
4460,12:42:57,disgust
4461,12:43:00,disgust
4462,12:43:03,disgust
4463,12:43:06,disgust
4464,12:43:09,disgust
4465,12:43:12,disgust
4466,12:43:15,disgust
4467,12:43:18,disgust
4468,12:43:21,disgust
4469,12:43:24,disgust
4470,12:43:27,disgust
4471,12:43:30,disgust
4472,12:43:33,disgust
4473,12:43:36,disgust
4474,12:43:39,disgust
4475,12:43:42,disgust
4476,12:43:45,disgust
4477,12:43:48,disgust
4478,12:43:51,disgust
4479,12:43:54,disgust
4480,12:43:57,disgust
4481,12:44:00,disgust
4482,12:44:03,disgust
4483,12:44:06,disgust
4484,12:44:09,disgust
4485,12:44:12,disgust
4486,12:44:15,disgust
4487,12:44:18,disgust
4488,12:44:21,disgust
4489,12:44:24,disgust
4490,12:44:27,disgust
4491,12:44:30,disgust
4492,12:44:33,disgust
4493,12:44:36,disgust
4494,12:44:39,disgust
4495,12:44:42,disgust
4496,12:44:45,disgust
4497,12:44:48,disgust
4498,12:44:51,disgust
4499,12:44:54,disgust
4500,12:44:57,disgust
4501,12:45:00,disgust
4502,12:45:03,disgust
4503,12:45:06,disgust
4504,12:45:09,disgust
4505,12:45:12,disgust
4506,12:45:15,disgust
4507,12:45:18,disgust
4508,12:45:21,disgust
4509,12:45:24,disgust
4510,12:45:27,disgust
4511,12:45:30,disgust
4512,12:45:33,disgust
4513,12:45:36,disgust
4514,12:45:39,disgust
4515,12:45:42,disgust
4516,12:45:45,disgust
4517,12:45:48,disgust
4518,12:45:51,disgust
4519,12:45:54,disgust
4520,12:45:57,disgust
4521,12:46:00,disgust
4522,12:46:03,disgust
4523,12:46:06,disgust
4524,12:46:09,disgust
4525,12:46:12,disgust
4526,12:46:15,disgust
4527,12:46:18,disgust
4528,12:46:21,disgust
4529,12:46:24,disgust
4530,12:46:27,disgust
4531,12:46:30,disgust
4532,12:46:33,disgust
4533,12:46:36,disgust
4534,12:46:39,disgust
4535,12:46:42,disgust
4536,12:46:45,disgust
4537,12:46:48,disgust
4538,12:46:51,disgust
4539,12:46:54,disgust
4540,12:46:57,disgust
4541,12:47:00,disgust
4542,12:47:03,disgust
4543,12:47:06,disgust
4544,12:47:09,disgust
4545,12:47:12,disgust
4546,12:47:15,disgust
4547,12:47:18,disgust
4548,12:47:21,disgust
4549,12:47:24,disgust
4550,12:47:27,disgust
4551,12:47:30,disgust
4552,12:47:33,disgust
4553,12:47:36,disgust
4554,12:47:39,disgust
4555,12:47:42,disgust
4556,12:47:45,disgust
4557,12:47:48,disgust
4558,12:47:51,disgust
4559,12:47:54,disgust
4560,12:47:57,disgust
4561,12:48:00,disgust
4562,12:48:03,disgust
4563,12:48:06,disgust
4564,12:48:09,disgust
4565,12:48:12,disgust
4566,12:48:15,disgust
4567,12:48:18,disgust
4568,12:48:21,disgust
4569,12:48:24,disgust
4570,12:48:27,disgust
4571,12:48:30,disgust
4572,12:48:33,disgust
4573,12:48:36,disgust
4574,12:48:39,disgust
4575,12:48:42,disgust
4576,12:48:45,disgust
4577,12:48:48,disgust
4578,12:48:51,disgust
4579,12:48:54,disgust
4580,12:48:57,disgust
4581,12:49:00,disgust
4582,12:49:03,disgust
4583,12:49:06,disgust
4584,12:49:09,disgust
4585,12:49:12,disgust
4586,12:49:15,disgust
4587,12:49:18,disgust
4588,12:49:21,disgust
4589,12:49:24,disgust
4590,12:49:27,disgust
4591,12:49:30,disgust
4592,12:49:33,disgust
4593,12:49:36,disgust
4594,12:49:39,disgust
4595,12:49:42,disgust
4596,12:49:45,disgust
4597,12:49:48,disgust
4598,12:49:51,disgust
4599,12:49:54,disgust
4600,12:49:57,disgust
4601,12:50:00,fear
4602,12:50:03,fear
4603,12:50:06,fear
4604,12:50:09,fear
4605,12:50:12,fear
4606,12:50:15,fear
4607,12:50:18,fear
4608,12:50:21,fear
4609,12:50:24,fear
4610,12:50:27,fear
4611,12:50:30,fear
4612,12:50:33,fear
4613,12:50:36,fear
4614,12:50:39,fear
4615,12:50:42,fear
4616,12:50:45,fear
4617,12:50:48,fear
4618,12:50:51,fear
4619,12:50:54,fear
4620,12:50:57,fear
4621,12:51:00,fear
4622,12:51:03,fear
4623,12:51:06,fear
4624,12:51:09,fear
4625,12:51:12,fear
4626,12:51:15,fear
4627,12:51:18,fear
4628,12:51:21,fear
4629,12:51:24,fear
4630,12:51:27,fear
4631,12:51:30,fear
4632,12:51:33,fear
4633,12:51:36,fear
4634,12:51:39,fear
4635,12:51:42,fear
4636,12:51:45,fear
4637,12:51:48,fear
4638,12:51:51,fear
4639,12:51:54,fear
4640,12:51:57,fear
4641,12:52:00,fear
4642,12:52:03,fear
4643,12:52:06,fear
4644,12:52:09,fear
4645,12:52:12,fear
4646,12:52:15,fear
4647,12:52:18,fear
4648,12:52:21,fear
4649,12:52:24,fear
4650,12:52:27,fear
4651,12:52:30,fear
4652,12:52:33,fear
4653,12:52:36,fear
4654,12:52:39,fear
4655,12:52:42,fear
4656,12:52:45,fear
4657,12:52:48,fear
4658,12:52:51,fear
4659,12:52:54,fear
4660,12:52:57,fear
4661,12:53:00,fear
4662,12:53:03,fear
4663,12:53:06,fear
4664,12:53:09,fear
4665,12:53:12,fear
4666,12:53:15,fear
4667,12:53:18,fear
4668,12:53:21,fear
4669,12:53:24,fear
4670,12:53:27,fear
4671,12:53:30,fear
4672,12:53:33,fear
4673,12:53:36,fear
4674,12:53:39,fear
4675,12:53:42,fear
4676,12:53:45,fear
4677,12:53:48,fear
4678,12:53:51,fear
4679,12:53:54,fear
4680,12:53:57,fear
4681,12:54:00,fear
4682,12:54:03,fear
4683,12:54:06,fear
4684,12:54:09,fear
4685,12:54:12,fear
4686,12:54:15,fear
4687,12:54:18,fear
4688,12:54:21,fear
4689,12:54:24,fear
4690,12:54:27,fear
4691,12:54:30,fear
4692,12:54:33,fear
4693,12:54:36,fear
4694,12:54:39,fear
4695,12:54:42,fear
4696,12:54:45,fear
4697,12:54:48,fear
4698,12:54:51,fear
4699,12:54:54,fear
4700,12:54:57,fear
4701,12:55:00,fear
4702,12:55:03,fear
4703,12:55:06,fear
4704,12:55:09,fear
4705,12:55:12,fear
4706,12:55:15,fear
4707,12:55:18,fear
4708,12:55:21,fear
4709,12:55:24,fear
4710,12:55:27,fear
4711,12:55:30,fear
4712,12:55:33,fear
4713,12:55:36,fear
4714,12:55:39,fear
4715,12:55:42,fear
4716,12:55:45,fear
4717,12:55:48,fear
4718,12:55:51,fear
4719,12:55:54,fear
4720,12:55:57,fear
4721,12:56:00,fear
4722,12:56:03,fear
4723,12:56:06,fear
4724,12:56:09,fear
4725,12:56:12,fear
4726,12:56:15,fear
4727,12:56:18,fear
4728,12:56:21,fear
4729,12:56:24,fear
4730,12:56:27,fear
4731,12:56:30,fear
4732,12:56:33,fear
4733,12:56:36,fear
4734,12:56:39,fear
4735,12:56:42,fear
4736,12:56:45,fear
4737,12:56:48,fear
4738,12:56:51,fear
4739,12:56:54,fear
4740,12:56:57,fear
4741,12:57:00,fear
4742,12:57:03,fear
4743,12:57:06,fear
4744,12:57:09,fear
4745,12:57:12,fear
4746,12:57:15,fear
4747,12:57:18,fear
4748,12:57:21,fear
4749,12:57:24,fear
4750,12:57:27,fear
4751,12:57:30,fear
4752,12:57:33,fear
4753,12:57:36,fear
4754,12:57:39,fear
4755,12:57:42,fear
4756,12:57:45,fear
4757,12:57:48,fear
4758,12:57:51,fear
4759,12:57:54,fear
4760,12:57:57,fear
4761,12:58:00,fear
4762,12:58:03,fear
4763,12:58:06,fear
4764,12:58:09,fear
4765,12:58:12,fear
4766,12:58:15,fear
4767,12:58:18,fear
4768,12:58:21,fear
4769,12:58:24,fear
4770,12:58:27,fear
4771,12:58:30,fear
4772,12:58:33,fear
4773,12:58:36,fear
4774,12:58:39,fear
4775,12:58:42,fear
4776,12:58:45,fear
4777,12:58:48,fear
4778,12:58:51,fear
4779,12:58:54,fear
4780,12:58:57,fear
4781,12:59:00,fear
4782,12:59:03,fear
4783,12:59:06,fear
4784,12:59:09,fear
4785,12:59:12,fear
4786,12:59:15,fear
4787,12:59:18,fear
4788,12:59:21,fear
4789,12:59:24,fear
4790,12:59:27,fear
4791,12:59:30,fear
4792,12:59:33,fear
4793,12:59:36,fear
4794,12:59:39,fear
4795,12:59:42,fear
4796,12:59:45,fear
4797,12:59:48,fear
4798,12:59:51,fear
4799,12:59:54,fear
4800,12:59:57,fear
4801,13:00:00,happy
4802,13:00:03,happy
4803,13:00:06,happy
4804,13:00:09,happy
4805,13:00:12,happy
4806,13:00:15,happy
4807,13:00:18,happy
4808,13:00:21,happy
4809,13:00:24,happy
4810,13:00:27,happy
4811,13:00:30,happy
4812,13:00:33,happy
4813,13:00:36,happy
4814,13:00:39,happy
4815,13:00:42,happy
4816,13:00:45,happy
4817,13:00:48,happy
4818,13:00:51,happy
4819,13:00:54,happy
4820,13:00:57,happy
4821,13:01:00,happy
4822,13:01:03,happy
4823,13:01:06,happy
4824,13:01:09,happy
4825,13:01:12,happy
4826,13:01:15,happy
4827,13:01:18,happy
4828,13:01:21,happy
4829,13:01:24,happy
4830,13:01:27,happy
4831,13:01:30,happy
4832,13:01:33,happy
4833,13:01:36,happy
4834,13:01:39,happy
4835,13:01:42,happy
4836,13:01:45,happy
4837,13:01:48,happy
4838,13:01:51,happy
4839,13:01:54,happy
4840,13:01:57,happy
4841,13:02:00,happy
4842,13:02:03,happy
4843,13:02:06,happy
4844,13:02:09,happy
4845,13:02:12,happy
4846,13:02:15,happy
4847,13:02:18,happy
4848,13:02:21,happy
4849,13:02:24,happy
4850,13:02:27,happy
4851,13:02:30,happy
4852,13:02:33,happy
4853,13:02:36,happy
4854,13:02:39,happy
4855,13:02:42,happy
4856,13:02:45,happy
4857,13:02:48,happy
4858,13:02:51,happy
4859,13:02:54,happy
4860,13:02:57,happy
4861,13:03:00,happy
4862,13:03:03,happy
4863,13:03:06,happy
4864,13:03:09,happy
4865,13:03:12,happy
4866,13:03:15,happy
4867,13:03:18,happy
4868,13:03:21,happy
4869,13:03:24,happy
4870,13:03:27,happy
4871,13:03:30,happy
4872,13:03:33,happy
4873,13:03:36,happy
4874,13:03:39,happy
4875,13:03:42,happy
4876,13:03:45,happy
4877,13:03:48,happy
4878,13:03:51,happy
4879,13:03:54,happy
4880,13:03:57,happy
4881,13:04:00,happy
4882,13:04:03,happy
4883,13:04:06,happy
4884,13:04:09,happy
4885,13:04:12,happy
4886,13:04:15,happy
4887,13:04:18,happy
4888,13:04:21,happy
4889,13:04:24,happy
4890,13:04:27,happy
4891,13:04:30,happy
4892,13:04:33,happy
4893,13:04:36,happy
4894,13:04:39,happy
4895,13:04:42,happy
4896,13:04:45,happy
4897,13:04:48,happy
4898,13:04:51,happy
4899,13:04:54,happy
4900,13:04:57,happy
4901,13:05:00,happy
4902,13:05:03,happy
4903,13:05:06,happy
4904,13:05:09,happy
4905,13:05:12,happy
4906,13:05:15,happy
4907,13:05:18,happy
4908,13:05:21,happy
4909,13:05:24,happy
4910,13:05:27,happy
4911,13:05:30,happy
4912,13:05:33,happy
4913,13:05:36,happy
4914,13:05:39,happy
4915,13:05:42,happy
4916,13:05:45,happy
4917,13:05:48,happy
4918,13:05:51,happy
4919,13:05:54,happy
4920,13:05:57,happy
4921,13:06:00,happy
4922,13:06:03,happy
4923,13:06:06,happy
4924,13:06:09,happy
4925,13:06:12,happy
4926,13:06:15,happy
4927,13:06:18,happy
4928,13:06:21,happy
4929,13:06:24,happy
4930,13:06:27,happy
4931,13:06:30,happy
4932,13:06:33,happy
4933,13:06:36,happy
4934,13:06:39,happy
4935,13:06:42,happy
4936,13:06:45,happy
4937,13:06:48,happy
4938,13:06:51,happy
4939,13:06:54,happy
4940,13:06:57,happy
4941,13:07:00,happy
4942,13:07:03,happy
4943,13:07:06,happy
4944,13:07:09,happy
4945,13:07:12,happy
4946,13:07:15,happy
4947,13:07:18,happy
4948,13:07:21,happy
4949,13:07:24,happy
4950,13:07:27,happy
4951,13:07:30,happy
4952,13:07:33,happy
4953,13:07:36,happy
4954,13:07:39,happy
4955,13:07:42,happy
4956,13:07:45,happy
4957,13:07:48,happy
4958,13:07:51,happy
4959,13:07:54,happy
4960,13:07:57,happy
4961,13:08:00,happy
4962,13:08:03,happy
4963,13:08:06,happy
4964,13:08:09,happy
4965,13:08:12,happy
4966,13:08:15,happy
4967,13:08:18,happy
4968,13:08:21,happy
4969,13:08:24,happy
4970,13:08:27,happy
4971,13:08:30,happy
4972,13:08:33,happy
4973,13:08:36,happy
4974,13:08:39,happy
4975,13:08:42,happy
4976,13:08:45,happy
4977,13:08:48,happy
4978,13:08:51,happy
4979,13:08:54,happy
4980,13:08:57,happy
4981,13:09:00,happy
4982,13:09:03,happy
4983,13:09:06,happy
4984,13:09:09,happy
4985,13:09:12,happy
4986,13:09:15,happy
4987,13:09:18,happy
4988,13:09:21,happy
4989,13:09:24,happy
4990,13:09:27,happy
4991,13:09:30,happy
4992,13:09:33,happy
4993,13:09:36,happy
4994,13:09:39,happy
4995,13:09:42,happy
4996,13:09:45,happy
4997,13:09:48,happy
4998,13:09:51,happy
4999,13:09:54,happy
5000,13:09:57,happy
5001,13:10:00,neutral
5002,13:10:03,neutral
5003,13:10:06,neutral
5004,13:10:09,neutral
5005,13:10:12,neutral
5006,13:10:15,neutral
5007,13:10:18,neutral
5008,13:10:21,neutral
5009,13:10:24,neutral
5010,13:10:27,neutral
5011,13:10:30,neutral
5012,13:10:33,neutral
5013,13:10:36,neutral
5014,13:10:39,neutral
5015,13:10:42,neutral
5016,13:10:45,neutral
5017,13:10:48,neutral
5018,13:10:51,neutral
5019,13:10:54,neutral
5020,13:10:57,neutral
5021,13:11:00,neutral
5022,13:11:03,neutral
5023,13:11:06,neutral
5024,13:11:09,neutral
5025,13:11:12,neutral
5026,13:11:15,neutral
5027,13:11:18,neutral
5028,13:11:21,neutral
5029,13:11:24,neutral
5030,13:11:27,neutral
5031,13:11:30,neutral
5032,13:11:33,neutral
5033,13:11:36,neutral
5034,13:11:39,neutral
5035,13:11:42,neutral
5036,13:11:45,neutral
5037,13:11:48,neutral
5038,13:11:51,neutral
5039,13:11:54,neutral
5040,13:11:57,neutral
5041,13:12:00,neutral
5042,13:12:03,neutral
5043,13:12:06,neutral
5044,13:12:09,neutral
5045,13:12:12,neutral
5046,13:12:15,neutral
5047,13:12:18,neutral
5048,13:12:21,neutral
5049,13:12:24,neutral
5050,13:12:27,neutral
5051,13:12:30,neutral
5052,13:12:33,neutral
5053,13:12:36,neutral
5054,13:12:39,neutral
5055,13:12:42,neutral
5056,13:12:45,neutral
5057,13:12:48,neutral
5058,13:12:51,neutral
5059,13:12:54,neutral
5060,13:12:57,neutral
5061,13:13:00,neutral
5062,13:13:03,neutral
5063,13:13:06,neutral
5064,13:13:09,neutral
5065,13:13:12,neutral
5066,13:13:15,neutral
5067,13:13:18,neutral
5068,13:13:21,neutral
5069,13:13:24,neutral
5070,13:13:27,neutral
5071,13:13:30,neutral
5072,13:13:33,neutral
5073,13:13:36,neutral
5074,13:13:39,neutral
5075,13:13:42,neutral
5076,13:13:45,neutral
5077,13:13:48,neutral
5078,13:13:51,neutral
5079,13:13:54,neutral
5080,13:13:57,neutral
5081,13:14:00,neutral
5082,13:14:03,neutral
5083,13:14:06,neutral
5084,13:14:09,neutral
5085,13:14:12,neutral
5086,13:14:15,neutral
5087,13:14:18,neutral
5088,13:14:21,neutral
5089,13:14:24,neutral
5090,13:14:27,neutral
5091,13:14:30,neutral
5092,13:14:33,neutral
5093,13:14:36,neutral
5094,13:14:39,neutral
5095,13:14:42,neutral
5096,13:14:45,neutral
5097,13:14:48,neutral
5098,13:14:51,neutral
5099,13:14:54,neutral
5100,13:14:57,neutral
5101,13:15:00,neutral
5102,13:15:03,neutral
5103,13:15:06,neutral
5104,13:15:09,neutral
5105,13:15:12,neutral
5106,13:15:15,neutral
5107,13:15:18,neutral
5108,13:15:21,neutral
5109,13:15:24,neutral
5110,13:15:27,neutral
5111,13:15:30,neutral
5112,13:15:33,neutral
5113,13:15:36,neutral
5114,13:15:39,neutral
5115,13:15:42,neutral
5116,13:15:45,neutral
5117,13:15:48,neutral
5118,13:15:51,neutral
5119,13:15:54,neutral
5120,13:15:57,neutral
5121,13:16:00,neutral
5122,13:16:03,neutral
5123,13:16:06,neutral
5124,13:16:09,neutral
5125,13:16:12,neutral
5126,13:16:15,neutral
5127,13:16:18,neutral
5128,13:16:21,neutral
5129,13:16:24,neutral
5130,13:16:27,neutral
5131,13:16:30,neutral
5132,13:16:33,neutral
5133,13:16:36,neutral
5134,13:16:39,neutral
5135,13:16:42,neutral
5136,13:16:45,neutral
5137,13:16:48,neutral
5138,13:16:51,neutral
5139,13:16:54,neutral
5140,13:16:57,neutral
5141,13:17:00,neutral
5142,13:17:03,neutral
5143,13:17:06,neutral
5144,13:17:09,neutral
5145,13:17:12,neutral
5146,13:17:15,neutral
5147,13:17:18,neutral
5148,13:17:21,neutral
5149,13:17:24,neutral
5150,13:17:27,neutral
5151,13:17:30,neutral
5152,13:17:33,neutral
5153,13:17:36,neutral
5154,13:17:39,neutral
5155,13:17:42,neutral
5156,13:17:45,neutral
5157,13:17:48,neutral
5158,13:17:51,neutral
5159,13:17:54,neutral
5160,13:17:57,neutral
5161,13:18:00,neutral
5162,13:18:03,neutral
5163,13:18:06,neutral
5164,13:18:09,neutral
5165,13:18:12,neutral
5166,13:18:15,neutral
5167,13:18:18,neutral
5168,13:18:21,neutral
5169,13:18:24,neutral
5170,13:18:27,neutral
5171,13:18:30,neutral
5172,13:18:33,neutral
5173,13:18:36,neutral
5174,13:18:39,neutral
5175,13:18:42,neutral
5176,13:18:45,neutral
5177,13:18:48,neutral
5178,13:18:51,neutral
5179,13:18:54,neutral
5180,13:18:57,neutral
5181,13:19:00,neutral
5182,13:19:03,neutral
5183,13:19:06,neutral
5184,13:19:09,neutral
5185,13:19:12,neutral
5186,13:19:15,neutral
5187,13:19:18,neutral
5188,13:19:21,neutral
5189,13:19:24,neutral
5190,13:19:27,neutral
5191,13:19:30,neutral
5192,13:19:33,neutral
5193,13:19:36,neutral
5194,13:19:39,neutral
5195,13:19:42,neutral
5196,13:19:45,neutral
5197,13:19:48,neutral
5198,13:19:51,neutral
5199,13:19:54,neutral
5200,13:19:57,neutral
5201,13:20:00,surprised
5202,13:20:03,surprised
5203,13:20:06,surprised
5204,13:20:09,surprised
5205,13:20:12,surprised
5206,13:20:15,surprised
5207,13:20:18,surprised
5208,13:20:21,surprised
5209,13:20:24,surprised
5210,13:20:27,surprised
5211,13:20:30,surprised
5212,13:20:33,surprised
5213,13:20:36,surprised
5214,13:20:39,surprised
5215,13:20:42,surprised
5216,13:20:45,surprised
5217,13:20:48,surprised
5218,13:20:51,surprised
5219,13:20:54,surprised
5220,13:20:57,surprised
5221,13:21:00,surprised
5222,13:21:03,surprised
5223,13:21:06,surprised
5224,13:21:09,surprised
5225,13:21:12,surprised
5226,13:21:15,surprised
5227,13:21:18,surprised
5228,13:21:21,surprised
5229,13:21:24,surprised
5230,13:21:27,surprised
5231,13:21:30,surprised
5232,13:21:33,surprised
5233,13:21:36,surprised
5234,13:21:39,surprised
5235,13:21:42,surprised
5236,13:21:45,surprised
5237,13:21:48,surprised
5238,13:21:51,surprised
5239,13:21:54,surprised
5240,13:21:57,surprised
5241,13:22:00,surprised
5242,13:22:03,surprised
5243,13:22:06,surprised
5244,13:22:09,surprised
5245,13:22:12,surprised
5246,13:22:15,surprised
5247,13:22:18,surprised
5248,13:22:21,surprised
5249,13:22:24,surprised
5250,13:22:27,surprised
5251,13:22:30,surprised
5252,13:22:33,surprised
5253,13:22:36,surprised
5254,13:22:39,surprised
5255,13:22:42,surprised
5256,13:22:45,surprised
5257,13:22:48,surprised
5258,13:22:51,surprised
5259,13:22:54,surprised
5260,13:22:57,surprised
5261,13:23:00,surprised
5262,13:23:03,surprised
5263,13:23:06,surprised
5264,13:23:09,surprised
5265,13:23:12,surprised
5266,13:23:15,surprised
5267,13:23:18,surprised
5268,13:23:21,surprised
5269,13:23:24,surprised
5270,13:23:27,surprised
5271,13:23:30,surprised
5272,13:23:33,surprised
5273,13:23:36,surprised
5274,13:23:39,surprised
5275,13:23:42,surprised
5276,13:23:45,surprised
5277,13:23:48,surprised
5278,13:23:51,surprised
5279,13:23:54,surprised
5280,13:23:57,surprised
5281,13:24:00,surprised
5282,13:24:03,surprised
5283,13:24:06,surprised
5284,13:24:09,surprised
5285,13:24:12,surprised
5286,13:24:15,surprised
5287,13:24:18,surprised
5288,13:24:21,surprised
5289,13:24:24,surprised
5290,13:24:27,surprised
5291,13:24:30,surprised
5292,13:24:33,surprised
5293,13:24:36,surprised
5294,13:24:39,surprised
5295,13:24:42,surprised
5296,13:24:45,surprised
5297,13:24:48,surprised
5298,13:24:51,surprised
5299,13:24:54,surprised
5300,13:24:57,surprised
5301,13:25:00,surprised
5302,13:25:03,surprised
5303,13:25:06,surprised
5304,13:25:09,surprised
5305,13:25:12,surprised
5306,13:25:15,surprised
5307,13:25:18,surprised
5308,13:25:21,surprised
5309,13:25:24,surprised
5310,13:25:27,surprised
5311,13:25:30,surprised
5312,13:25:33,surprised
5313,13:25:36,surprised
5314,13:25:39,surprised
5315,13:25:42,surprised
5316,13:25:45,surprised
5317,13:25:48,surprised
5318,13:25:51,surprised
5319,13:25:54,surprised
5320,13:25:57,surprised
5321,13:26:00,surprised
5322,13:26:03,surprised
5323,13:26:06,surprised
5324,13:26:09,surprised
5325,13:26:12,surprised
5326,13:26:15,surprised
5327,13:26:18,surprised
5328,13:26:21,surprised
5329,13:26:24,surprised
5330,13:26:27,surprised
5331,13:26:30,surprised
5332,13:26:33,surprised
5333,13:26:36,surprised
5334,13:26:39,surprised
5335,13:26:42,surprised
5336,13:26:45,surprised
5337,13:26:48,surprised
5338,13:26:51,surprised
5339,13:26:54,surprised
5340,13:26:57,surprised
5341,13:27:00,surprised
5342,13:27:03,surprised
5343,13:27:06,surprised
5344,13:27:09,surprised
5345,13:27:12,surprised
5346,13:27:15,surprised
5347,13:27:18,surprised
5348,13:27:21,surprised
5349,13:27:24,surprised
5350,13:27:27,surprised
5351,13:27:30,surprised
5352,13:27:33,surprised
5353,13:27:36,surprised
5354,13:27:39,surprised
5355,13:27:42,surprised
5356,13:27:45,surprised
5357,13:27:48,surprised
5358,13:27:51,surprised
5359,13:27:54,surprised
5360,13:27:57,surprised
5361,13:28:00,surprised
5362,13:28:03,surprised
5363,13:28:06,surprised
5364,13:28:09,surprised
5365,13:28:12,surprised
5366,13:28:15,surprised
5367,13:28:18,surprised
5368,13:28:21,surprised
5369,13:28:24,surprised
5370,13:28:27,surprised
5371,13:28:30,surprised
5372,13:28:33,surprised
5373,13:28:36,surprised
5374,13:28:39,surprised
5375,13:28:42,surprised
5376,13:28:45,surprised
5377,13:28:48,surprised
5378,13:28:51,surprised
5379,13:28:54,surprised
5380,13:28:57,surprised
5381,13:29:00,surprised
5382,13:29:03,surprised
5383,13:29:06,surprised
5384,13:29:09,surprised
5385,13:29:12,surprised
5386,13:29:15,surprised
5387,13:29:18,surprised
5388,13:29:21,surprised
5389,13:29:24,surprised
5390,13:29:27,surprised
5391,13:29:30,surprised
5392,13:29:33,surprised
5393,13:29:36,surprised
5394,13:29:39,surprised
5395,13:29:42,surprised
5396,13:29:45,surprised
5397,13:29:48,surprised
5398,13:29:51,surprised
5399,13:29:54,surprised
5400,13:29:57,surprised
5401,13:30:00,sad
5402,13:30:03,sad
5403,13:30:06,sad
5404,13:30:09,sad
5405,13:30:12,sad
5406,13:30:15,sad
5407,13:30:18,sad
5408,13:30:21,sad
5409,13:30:24,sad
5410,13:30:27,sad
5411,13:30:30,sad
5412,13:30:33,sad
5413,13:30:36,sad
5414,13:30:39,sad
5415,13:30:42,sad
5416,13:30:45,sad
5417,13:30:48,sad
5418,13:30:51,sad
5419,13:30:54,sad
5420,13:30:57,sad
5421,13:31:00,sad
5422,13:31:03,sad
5423,13:31:06,sad
5424,13:31:09,sad
5425,13:31:12,sad
5426,13:31:15,sad
5427,13:31:18,sad
5428,13:31:21,sad
5429,13:31:24,sad
5430,13:31:27,sad
5431,13:31:30,sad
5432,13:31:33,sad
5433,13:31:36,sad
5434,13:31:39,sad
5435,13:31:42,sad
5436,13:31:45,sad
5437,13:31:48,sad
5438,13:31:51,sad
5439,13:31:54,sad
5440,13:31:57,sad
5441,13:32:00,sad
5442,13:32:03,sad
5443,13:32:06,sad
5444,13:32:09,sad
5445,13:32:12,sad
5446,13:32:15,sad
5447,13:32:18,sad
5448,13:32:21,sad
5449,13:32:24,sad
5450,13:32:27,sad
5451,13:32:30,sad
5452,13:32:33,sad
5453,13:32:36,sad
5454,13:32:39,sad
5455,13:32:42,sad
5456,13:32:45,sad
5457,13:32:48,sad
5458,13:32:51,sad
5459,13:32:54,sad
5460,13:32:57,sad
5461,13:33:00,sad
5462,13:33:03,sad
5463,13:33:06,sad
5464,13:33:09,sad
5465,13:33:12,sad
5466,13:33:15,sad
5467,13:33:18,sad
5468,13:33:21,sad
5469,13:33:24,sad
5470,13:33:27,sad
5471,13:33:30,sad
5472,13:33:33,sad
5473,13:33:36,sad
5474,13:33:39,sad
5475,13:33:42,sad
5476,13:33:45,sad
5477,13:33:48,sad
5478,13:33:51,sad
5479,13:33:54,sad
5480,13:33:57,sad
5481,13:34:00,sad
5482,13:34:03,sad
5483,13:34:06,sad
5484,13:34:09,sad
5485,13:34:12,sad
5486,13:34:15,sad
5487,13:34:18,sad
5488,13:34:21,sad
5489,13:34:24,sad
5490,13:34:27,sad
5491,13:34:30,sad
5492,13:34:33,sad
5493,13:34:36,sad
5494,13:34:39,sad
5495,13:34:42,sad
5496,13:34:45,sad
5497,13:34:48,sad
5498,13:34:51,sad
5499,13:34:54,sad
5500,13:34:57,sad
5501,13:35:00,sad
5502,13:35:03,sad
5503,13:35:06,sad
5504,13:35:09,sad
5505,13:35:12,sad
5506,13:35:15,sad
5507,13:35:18,sad
5508,13:35:21,sad
5509,13:35:24,sad
5510,13:35:27,sad
5511,13:35:30,sad
5512,13:35:33,sad
5513,13:35:36,sad
5514,13:35:39,sad
5515,13:35:42,sad
5516,13:35:45,sad
5517,13:35:48,sad
5518,13:35:51,sad
5519,13:35:54,sad
5520,13:35:57,sad
5521,13:36:00,sad
5522,13:36:03,sad
5523,13:36:06,sad
5524,13:36:09,sad
5525,13:36:12,sad
5526,13:36:15,sad
5527,13:36:18,sad
5528,13:36:21,sad
5529,13:36:24,sad
5530,13:36:27,sad
5531,13:36:30,sad
5532,13:36:33,sad
5533,13:36:36,sad
5534,13:36:39,sad
5535,13:36:42,sad
5536,13:36:45,sad
5537,13:36:48,sad
5538,13:36:51,sad
5539,13:36:54,sad
5540,13:36:57,sad
5541,13:37:00,sad
5542,13:37:03,sad
5543,13:37:06,sad
5544,13:37:09,sad
5545,13:37:12,sad
5546,13:37:15,sad
5547,13:37:18,sad
5548,13:37:21,sad
5549,13:37:24,sad
5550,13:37:27,sad
5551,13:37:30,sad
5552,13:37:33,sad
5553,13:37:36,sad
5554,13:37:39,sad
5555,13:37:42,sad
5556,13:37:45,sad
5557,13:37:48,sad
5558,13:37:51,sad
5559,13:37:54,sad
5560,13:37:57,sad
5561,13:38:00,sad
5562,13:38:03,sad
5563,13:38:06,sad
5564,13:38:09,sad
5565,13:38:12,sad
5566,13:38:15,sad
5567,13:38:18,sad
5568,13:38:21,sad
5569,13:38:24,sad
5570,13:38:27,sad
5571,13:38:30,sad
5572,13:38:33,sad
5573,13:38:36,sad
5574,13:38:39,sad
5575,13:38:42,sad
5576,13:38:45,sad
5577,13:38:48,sad
5578,13:38:51,sad
5579,13:38:54,sad
5580,13:38:57,sad
5581,13:39:00,sad
5582,13:39:03,sad
5583,13:39:06,sad
5584,13:39:09,sad
5585,13:39:12,sad
5586,13:39:15,sad
5587,13:39:18,sad
5588,13:39:21,sad
5589,13:39:24,sad
5590,13:39:27,sad
5591,13:39:30,sad
5592,13:39:33,sad
5593,13:39:36,sad
5594,13:39:39,sad
5595,13:39:42,sad
5596,13:39:45,sad
5597,13:39:48,sad
5598,13:39:51,sad
5599,13:39:54,sad
5600,13:39:57,sad
